3 0.25234375 0.4756944444444444 0.18125 0.6263888888888889
3 0.25546875 0.38958333333333334 0.5078125 0.7791666666666667
2 0.887890625 0.8729166666666667 0.12421875 0.2513888888888889
2 0.975 0.88125 0.0484375 0.21805555555555556
2 0.3984375 0.8090277777777778 0.078125 0.37916666666666665
2 0.3578125 0.7708333333333334 0.0359375 0.25555555555555554
2 0.50625 0.8361111111111111 0.096875 0.325
2 0.05625 0.6506944444444445 0.0125 0.059722222222222225
2 0.0796875 0.6895833333333333 0.0328125 0.10972222222222222
2 0.530859375 0.7159722222222222 0.05078125 0.17083333333333334
2 0.0140625 0.675 0.021875 0.058333333333333334
3 0.72578125 0.4847222222222222 0.3765625 0.9694444444444444
3 0.3953125 0.35 0.2171875 0.7
3 0.052734375 0.5104166666666666 0.10546875 0.2847222222222222
3 0.733984375 0.9041666666666667 0.03828125 0.18333333333333332
3 0.83203125 0.7263888888888889 0.0890625 0.20555555555555555
3 0.496875 0.5166666666666667 0.1796875 0.2611111111111111
3 0.5625 0.7194444444444444 0.0421875 0.11388888888888889
3 0.591796875 0.5722222222222222 0.04140625 0.17777777777777778
3 0.15078125 0.17777777777777778 0.3015625 0.35555555555555557
3 0.94765625 0.8118055555555556 0.0921875 0.16527777777777777
3 0.626171875 0.5805555555555556 0.03828125 0.13055555555555556
3 0.53515625 0.51875 0.090625 0.2375