2 0.159765625 0.9888888888888889 0.00703125 0.019444444444444445
2 0.551953125 0.9548611111111112 0.00703125 0.02638888888888889
2 0.25859375 0.8347222222222223 0.0046875 0.019444444444444445
2 0.77890625 0.9951388888888889 0.0046875 0.006944444444444444
0 0.0671875 0.8409722222222222 0.040625 0.0375
3 0.335546875 0.8923611111111112 0.04609375 0.10138888888888889
3 0.069140625 0.9416666666666667 0.04453125 0.1111111111111111
3 0.5234375 0.8361111111111111 0.040625 0.18611111111111112
3 0.48828125 0.8458333333333333 0.0390625 0.15555555555555556
3 0.44453125 0.8652777777777778 0.0625 0.2222222222222222
3 0.59609375 0.8208333333333333 0.0265625 0.09166666666666666
3 0.794921875 0.5243055555555556 0.02421875 0.08472222222222223
3 0.952734375 0.6152777777777778 0.02578125 0.07777777777777778
3 0.891796875 0.5902777777777778 0.01796875 0.10555555555555556
3 0.558984375 0.8430555555555556 0.05703125 0.19166666666666668
3 0.979296875 0.6381944444444444 0.03984375 0.12083333333333333
3 0.876171875 0.575 0.01953125 0.08333333333333333
3 0.34609375 0.8145833333333333 0.015625 0.05694444444444444
3 0.90546875 0.8034722222222223 0.084375 0.15138888888888888
3 0.91484375 0.5909722222222222 0.01875 0.08194444444444444
3 0.875390625 0.8125 0.04609375 0.1361111111111111
3 0.822265625 0.7847222222222222 0.26171875 0.23333333333333334
3 0.708984375 0.7625 0.03515625 0.08611111111111111
3 0.40078125 0.9034722222222222 0.0734375 0.14027777777777778
3 0.379296875 0.9027777777777778 0.03359375 0.10277777777777777
3 0.93125 0.6034722222222222 0.021875 0.07361111111111111
3 0.564453125 0.8020833333333334 0.04609375 0.1125
3 0.453515625 0.8611111111111112 0.28359375 0.24166666666666667
3 0.978125 0.7125 0.0421875 0.2722222222222222
3 0.855859375 0.5638888888888889 0.01484375 0.06944444444444445
0 0.984375 0.9777777777777777 0.0296875 0.03333333333333333