3 0.66796875 0.7263888888888889 0.1765625 0.5166666666666667
3 0.7546875 0.6854166666666667 0.1296875 0.6041666666666666
3 0.213671875 0.6020833333333333 0.22421875 0.6097222222222223
3 0.879296875 0.6965277777777777 0.16328125 0.5791666666666667
3 0.093359375 0.5625 0.18671875 0.7416666666666667
3 0.93984375 0.7104166666666667 0.115625 0.43194444444444446
3 0.978515625 0.5458333333333333 0.04140625 0.2722222222222222
3 0.421484375 0.4548611111111111 0.27265625 0.5291666666666667
3 0.819140625 0.9541666666666667 0.02890625 0.08333333333333333
3 0.740234375 0.95 0.03359375 0.08333333333333333
3 0.94140625 0.9569444444444445 0.03125 0.075
3 0.777734375 0.9486111111111111 0.03203125 0.08055555555555556
3 0.2421875 0.9472222222222222 0.04375 0.1
3 0.981640625 0.9513888888888888 0.03515625 0.06944444444444445
3 0.47890625 0.9493055555555555 0.128125 0.09583333333333334
3 0.779296875 0.8097222222222222 0.14765625 0.3194444444444444
3 0.581640625 0.5861111111111111 0.07734375 0.30833333333333335
3 0.3078125 0.5236111111111111 0.1171875 0.45555555555555555
3 0.898828125 0.9520833333333333 0.03671875 0.07361111111111111
3 0.885546875 0.9694444444444444 0.03828125 0.05555555555555555
0 0.066796875 0.9131944444444444 0.07890625 0.07916666666666666
0 0.140234375 0.8951388888888889 0.06796875 0.05138888888888889