2 0.364453125 0.3326388888888889 0.07578125 0.43472222222222223
2 0.750390625 0.2923611111111111 0.08828125 0.42083333333333334
2 0.564453125 0.30486111111111114 0.06328125 0.3236111111111111
2 0.491796875 0.2263888888888889 0.01953125 0.1
2 0.84375 0.19791666666666666 0.0140625 0.059722222222222225
2 0.620703125 0.20833333333333334 0.01328125 0.05555555555555555
2 0.665625 0.20069444444444445 0.0140625 0.059722222222222225
2 0.1359375 0.22708333333333333 0.0171875 0.05694444444444444
2 0.529296875 0.2548611111111111 0.03203125 0.15694444444444444
2 0.8640625 0.19375 0.021875 0.05416666666666667
2 0.815234375 0.19791666666666666 0.02265625 0.05694444444444444
2 0.34921875 0.28888888888888886 0.0453125 0.3138888888888889
2 0.720703125 0.20902777777777778 0.01953125 0.059722222222222225
3 0.048828125 0.3 0.09765625 0.19444444444444445
3 0.539453125 0.10277777777777777 0.14140625 0.20555555555555555
3 0.905078125 0.19027777777777777 0.09609375 0.25
3 0.456640625 0.1326388888888889 0.10078125 0.20416666666666666
3 0.791015625 0.11319444444444444 0.16171875 0.2263888888888889
3 0.08984375 0.2 0.0765625 0.09722222222222222
3 0.34296875 0.09166666666666666 0.109375 0.18333333333333332
3 0.970703125 0.15416666666666667 0.05703125 0.22777777777777777
3 0.80078125 0.3055555555555556 0.059375 0.16944444444444445
3 0.693359375 0.10347222222222222 0.08046875 0.20694444444444443
3 0.216796875 0.2111111111111111 0.05859375 0.1111111111111111
3 0.12109375 0.6472222222222223 0.2421875 0.5444444444444444
3 0.82734375 0.32569444444444445 0.0453125 0.05694444444444444
3 0.396484375 0.11805555555555555 0.21796875 0.2361111111111111
3 0.409375 0.08958333333333333 0.1015625 0.17916666666666667
3 0.91640625 0.5652777777777778 0.1671875 0.3527777777777778