3 0.75859375 0.16805555555555557 0.196875 0.3333333333333333
3 0.812109375 0.17847222222222223 0.09765625 0.30694444444444446
2 0.19609375 0.4444444444444444 0.0953125 0.5944444444444444
2 0.502734375 0.42083333333333334 0.11640625 0.4888888888888889
2 0.288671875 0.42986111111111114 0.10703125 0.5763888888888888
2 0.687890625 0.2923611111111111 0.02421875 0.09861111111111111
2 0.390234375 0.3951388888888889 0.06015625 0.3347222222222222
2 0.82109375 0.30277777777777776 0.0203125 0.075
2 0.863671875 0.29791666666666666 0.02421875 0.0875
2 0.42421875 0.3597222222222222 0.0328125 0.225
2 0.762109375 0.30416666666666664 0.02578125 0.07777777777777778
2 0.84140625 0.3013888888888889 0.021875 0.08055555555555556
2 0.740234375 0.30416666666666664 0.02578125 0.07777777777777778
3 0.7625 0.6611111111111111 0.471875 0.6722222222222223
3 0.77734375 0.36666666666666664 0.4390625 0.09166666666666666
3 0.4359375 0.14444444444444443 0.16875 0.28888888888888886
3 0.328125 0.19652777777777777 0.1171875 0.3625
3 0.61015625 0.1638888888888889 0.1375 0.3277777777777778
3 0.826171875 0.12291666666666666 0.05703125 0.18472222222222223
3 0.61953125 0.275 0.0328125 0.10555555555555556
3 0.958984375 0.15833333333333333 0.03359375 0.31666666666666665
3 0.87265625 0.28541666666666665 0.0546875 0.10972222222222222
3 0.1234375 0.1673611111111111 0.1171875 0.3347222222222222
3 0.6375 0.275 0.06875 0.10555555555555556