2 0.300390625 0.3798611111111111 0.07265625 0.36527777777777776
2 0.391796875 0.3923611111111111 0.07890625 0.3597222222222222
2 0.203125 0.40208333333333335 0.1046875 0.44027777777777777
2 0.1578125 0.3861111111111111 0.096875 0.40555555555555556
2 0.073046875 0.6625 0.14609375 0.6722222222222223
3 0.9171875 0.6201388888888889 0.1578125 0.24027777777777778
3 0.97265625 0.73125 0.053125 0.22361111111111112
3 0.77421875 0.45416666666666666 0.2328125 0.9083333333333333
3 0.62265625 0.19305555555555556 0.0484375 0.3861111111111111
3 0.113671875 0.12777777777777777 0.05859375 0.25555555555555554
3 0.392578125 0.11597222222222223 0.09609375 0.23194444444444445
3 0.293359375 0.15555555555555556 0.16953125 0.3111111111111111
3 0.04375 0.14375 0.0828125 0.2875
3 0.142578125 0.1284722222222222 0.11640625 0.2569444444444444
3 0.464453125 0.16805555555555557 0.25 0.33611111111111114
3 0.211328125 0.2722222222222222 0.12578125 0.28888888888888886