2 0.706640625 0.4479166666666667 0.034765625 0.175
1 0.499609375 0.7965277777777777 0.9984375 0.40208333333333335
3 0.757421875 0.21805555555555556 0.083203125 0.16041666666666668
3 0.837109375 0.22152777777777777 0.092578125 0.20555555555555555
3 0.63515625 0.26319444444444445 0.0796875 0.2951388888888889
3 0.258984375 0.11041666666666666 0.1203125 0.22013888888888888
3 0.454296875 0.14375 0.098828125 0.28541666666666665
3 0.67421875 0.23402777777777778 0.0609375 0.15069444444444444
3 0.393359375 0.09652777777777778 0.10625 0.19236111111111112
3 0.5203125 0.13125 0.1 0.2611111111111111
3 0.583984375 0.3645833333333333 0.035546875 0.22152777777777777
3 0.06015625 0.15208333333333332 0.1203125 0.3034722222222222
3 0.075390625 0.3770833333333333 0.125390625 0.20069444444444445
3 0.393359375 0.2326388888888889 0.10625 0.46458333333333335
3 0.563671875 0.2659722222222222 0.090234375 0.41041666666666665
3 0.449609375 0.3701388888888889 0.112890625 0.19236111111111112
3 0.371875 0.1840277777777778 0.051953125 0.08819444444444445