2 0.501171875 0.4576388888888889 0.014453125 0.07569444444444444
2 0.8765625 0.4638888888888889 0.013671875 0.04791666666666667
2 0.45625 0.4423611111111111 0.010546875 0.06319444444444444
3 0.899609375 0.8520833333333333 0.197265625 0.28958333333333336
3 0.52890625 0.27847222222222223 0.155859375 0.34791666666666665
3 0.3296875 0.24791666666666667 0.2953125 0.49583333333333335
3 0.775390625 0.38263888888888886 0.1234375 0.18958333333333333
3 0.925390625 0.39375 0.103515625 0.16666666666666666
3 0.6234375 0.4076388888888889 0.076953125 0.12222222222222222
3 0.453515625 0.3659722222222222 0.0640625 0.17222222222222222
3 0.852734375 0.2590277777777778 0.051171875 0.07152777777777777
3 0.754296875 0.23333333333333334 0.064453125 0.07222222222222222
3 0.341015625 0.34097222222222223 0.148828125 0.31180555555555556
3 0.203515625 0.4701388888888889 0.051171875 0.10555555555555556
3 0.660546875 0.4423611111111111 0.044140625 0.08402777777777778
3 0.969921875 0.41805555555555557 0.058984375 0.11041666666666666
3 0.678125 0.22291666666666668 0.083203125 0.08958333333333333
3 0.834765625 0.40625 0.042578125 0.12013888888888889
3 0.990234375 0.15902777777777777 0.018359375 0.09722222222222222