2 0.951953125 0.6666666666666666 0.09453125 0.5777777777777777
2 0.540234375 0.6013888888888889 0.12265625 0.4222222222222222
2 0.815625 0.6013888888888889 0.1171875 0.425
2 0.653515625 0.6006944444444444 0.10390625 0.42916666666666664
2 0.3390625 0.6048611111111111 0.084375 0.30416666666666664
2 0.719921875 0.6229166666666667 0.06640625 0.3736111111111111
2 0.898828125 0.5722222222222222 0.05390625 0.31666666666666665
2 0.87265625 0.5763888888888888 0.046875 0.30833333333333335
3 0.18359375 0.4756944444444444 0.14375 0.2763888888888889
3 0.3734375 0.24166666666666667 0.371875 0.48333333333333334
3 0.05 0.4583333333333333 0.1 0.55
3 0.21796875 0.6701388888888888 0.119921875 0.24444444444444444