3 0.73203125 0.3090277777777778 0.14375 0.5986111111111111
3 0.7859375 0.5027777777777778 0.2515625 0.9861111111111112
2 0.128125 0.8638888888888889 0.1828125 0.26944444444444443
2 0.61328125 0.8319444444444445 0.0640625 0.2833333333333333
2 0.370703125 0.8215277777777777 0.13046875 0.3541666666666667
2 0.4984375 0.8298611111111112 0.11875 0.3375
2 0.526953125 0.7472222222222222 0.01484375 0.05
3 0.24453125 0.8180555555555555 0.10625 0.2722222222222222
3 0.07265625 0.8430555555555556 0.1453125 0.30833333333333335
3 0.741015625 0.7875 0.20078125 0.41388888888888886
3 0.92265625 0.8215277777777777 0.153125 0.35138888888888886
3 0.9875 0.049305555555555554 0.0234375 0.07916666666666666
3 0.379296875 0.5986111111111111 0.04765625 0.09166666666666666
3 0.29140625 0.6111111111111112 0.034375 0.08888888888888889
3 0.860546875 0.36875 0.11484375 0.37083333333333335
3 0.351953125 0.6041666666666666 0.15859375 0.10277777777777777
3 0.416015625 0.6263888888888889 0.03203125 0.03333333333333333
3 0.337109375 0.6173611111111111 0.03203125 0.06527777777777778