2 0.433203125 0.5944444444444444 0.02734375 0.20833333333333334
2 0.35078125 0.5888888888888889 0.0328125 0.18888888888888888
2 0.2109375 0.5569444444444445 0.021875 0.08611111111111111
2 0.5421875 0.5520833333333334 0.0171875 0.07361111111111111
2 0.566015625 0.5576388888888889 0.02265625 0.09027777777777778
2 0.11640625 0.5569444444444445 0.021875 0.09444444444444444
2 0.61171875 0.5506944444444445 0.0171875 0.09583333333333334
1 0.64765625 0.56875 0.5828125 0.2513888888888889
1 0.64765625 0.65 0.584375 0.09166666666666666
1 0.408984375 0.5555555555555556 0.01953125 0.075
1 0.143359375 0.5194444444444445 0.09921875 0.1527777777777778
3 0.890625 0.30625 0.1375 0.45694444444444443
3 0.075 0.4111111111111111 0.08125 0.2777777777777778
3 0.3453125 0.375 0.053125 0.16666666666666666
3 0.30078125 0.37083333333333335 0.05625 0.17222222222222222
3 0.12890625 0.38055555555555554 0.0609375 0.2111111111111111
3 0.63671875 0.38263888888888886 0.05625 0.1375
3 0.680078125 0.4111111111111111 0.05390625 0.1527777777777778
3 0.41015625 0.37430555555555556 0.04375 0.16805555555555557
3 0.18359375 0.4131944444444444 0.0703125 0.2875
3 0.216796875 0.40347222222222223 0.05234375 0.16527777777777777
3 0.50859375 0.4097222222222222 0.05 0.16111111111111112
3 0.013671875 0.32708333333333334 0.02734375 0.08194444444444444
3 0.594140625 0.38819444444444445 0.04453125 0.1763888888888889
3 0.775390625 0.36944444444444446 0.07734375 0.19166666666666668
3 0.553515625 0.40555555555555556 0.05859375 0.13055555555555556
3 0.255859375 0.40625 0.05390625 0.25972222222222224
3 0.387109375 0.39444444444444443 0.05234375 0.12777777777777777
3 0.485546875 0.44166666666666665 0.04765625 0.1111111111111111
3 0.72109375 0.4048611111111111 0.06875 0.24861111111111112
3 0.839453125 0.37569444444444444 0.09921875 0.3625
3 0.255078125 0.3326388888888889 0.05234375 0.1125
3 0.47109375 0.3951388888888889 0.0671875 0.19583333333333333
3 0.15546875 0.4173611111111111 0.046875 0.0763888888888889
3 0.84140625 0.2534722222222222 0.1046875 0.11805555555555555
3 0.266796875 0.45625 0.06484375 0.1625
3 0.444921875 0.37569444444444444 0.06796875 0.24583333333333332
0 0.849609375 0.56875 0.04453125 0.0625