2 0.447265625 0.8743055555555556 0.006640625 0.014583333333333334
3 0.3796875 0.46041666666666664 0.023828125 0.08402777777777778
3 0.39609375 0.7659722222222223 0.0296875 0.09236111111111112
3 0.5171875 0.09375 0.023046875 0.04513888888888889
3 0.537890625 0.47638888888888886 0.025 0.08958333333333333
3 0.358203125 0.46805555555555556 0.025390625 0.075
3 0.946484375 0.37222222222222223 0.0265625 0.06319444444444444
3 0.645703125 0.7368055555555556 0.029296875 0.08888888888888889
3 0.831640625 0.7534722222222222 0.033984375 0.06319444444444444
3 0.608203125 0.7270833333333333 0.030078125 0.07430555555555556
3 0.15390625 0.7833333333333333 0.028515625 0.07430555555555556
3 0.12421875 0.3013888888888889 0.0421875 0.08819444444444445
3 0.40859375 0.14375 0.0203125 0.050694444444444445
3 0.498046875 0.7381944444444445 0.0328125 0.11597222222222223
3 0.071484375 0.27708333333333335 0.0109375 0.06388888888888888
3 0.6953125 0.10069444444444445 0.03125 0.07152777777777777
3 0.499609375 0.4895833333333333 0.029296875 0.07708333333333334
3 0.174609375 0.38125 0.024609375 0.07430555555555556
3 0.344140625 0.2590277777777778 0.037890625 0.06319444444444444
3 0.158203125 0.7256944444444444 0.030859375 0.05486111111111111
3 0.756640625 0.3416666666666667 0.026953125 0.0798611111111111
3 0.348046875 0.3541666666666667 0.033984375 0.058333333333333334
3 0.0703125 0.7409722222222223 0.041796875 0.06458333333333334
3 0.577734375 0.7340277777777777 0.0328125 0.06319444444444444
3 0.91015625 0.02638888888888889 0.022265625 0.050694444444444445
3 0.369921875 0.8256944444444444 0.028515625 0.05277777777777778
3 0.73203125 0.23402777777777778 0.027734375 0.07013888888888889
3 0.920703125 0.24513888888888888 0.021875 0.06111111111111111
3 0.65390625 0.4979166666666667 0.027734375 0.06319444444444444
3 0.973046875 0.1673611111111111 0.032421875 0.06388888888888888
3 0.558203125 0.5965277777777778 0.029296875 0.15069444444444444
3 0.530859375 0.7979166666666667 0.029296875 0.08888888888888889
3 0.47265625 0.6465277777777778 0.019140625 0.041666666666666664
3 0.3546875 0.6395833333333333 0.026171875 0.08680555555555555
3 0.06875 0.48680555555555555 0.048046875 0.1840277777777778
3 0.5984375 0.18541666666666667 0.033203125 0.05763888888888889
3 0.5765625 0.4701388888888889 0.026953125 0.07777777777777778
3 0.612109375 0.7993055555555556 0.029296875 0.08541666666666667
3 0.22109375 0.4840277777777778 0.0484375 0.06944444444444445
3 0.890234375 0.02638888888888889 0.012109375 0.034027777777777775
3 0.6984375 0.36180555555555555 0.023828125 0.06180555555555556
3 0.3625 0.8125 0.042578125 0.08263888888888889
3 0.44453125 0.5881944444444445 0.0203125 0.075
3 0.28203125 0.7666666666666667 0.0421875 0.1076388888888889
3 0.151171875 0.5625 0.0359375 0.05625
3 0.06796875 0.8402777777777778 0.0546875 0.26944444444444443
3 0.353125 0.7979166666666667 0.023046875 0.05277777777777778
3 0.637890625 0.48680555555555555 0.0234375 0.08402777777777778
3 0.147265625 0.39375 0.021484375 0.06736111111111111
3 0.712109375 0.8048611111111111 0.0328125 0.07847222222222222
3 0.389453125 0.03958333333333333 0.023046875 0.04375
3 0.134765625 0.23958333333333334 0.031640625 0.07777777777777778
3 0.31953125 0.975 0.1765625 0.04791666666666667
3 0.21640625 0.6118055555555556 0.093359375 0.3215277777777778
3 0.419921875 0.31527777777777777 0.085546875 0.11041666666666666
3 0.391015625 0.3590277777777778 0.016015625 0.03263888888888889
3 0.667578125 0.20972222222222223 0.011328125 0.041666666666666664
3 0.433984375 0.059027777777777776 0.041796875 0.041666666666666664
3 0.368359375 0.06388888888888888 0.0234375 0.03888888888888889
3 0.929296875 0.04513888888888889 0.0125 0.03263888888888889
3 0.635546875 0.8020833333333334 0.030078125 0.06666666666666667
3 0.691015625 0.7409722222222223 0.0234375 0.07013888888888889
3 0.144921875 0.47291666666666665 0.037109375 0.08680555555555555
3 0.592578125 0.7979166666666667 0.027734375 0.08888888888888889
3 0.475390625 0.5701388888888889 0.01875 0.044444444444444446
3 0.446875 0.5076388888888889 0.013671875 0.022916666666666665
3 0.264453125 0.46944444444444444 0.094140625 0.08888888888888889
3 0.587109375 0.1763888888888889 0.0109375 0.04375
3 0.61796875 0.4638888888888889 0.022265625 0.059027777777777776
3 0.650390625 0.12708333333333333 0.016015625 0.050694444444444445
3 0.284765625 0.4673611111111111 0.019140625 0.07708333333333334
3 0.245703125 0.30416666666666664 0.012890625 0.030555555555555555
3 0.492578125 0.5590277777777778 0.018359375 0.06458333333333334
3 0.366796875 0.1701388888888889 0.012109375 0.02847222222222222
3 0.198046875 0.35347222222222224 0.01875 0.03611111111111111
3 0.637890625 0.03958333333333333 0.021875 0.06319444444444444
3 0.518359375 0.5298611111111111 0.019140625 0.04375
3 0.3671875 0.56875 0.015625 0.06111111111111111
3 0.892578125 0.23402777777777778 0.018359375 0.058333333333333334
3 0.763671875 0.2833333333333333 0.015625 0.04097222222222222
3 0.3015625 0.47152777777777777 0.019921875 0.07152777777777777
3 0.0671875 0.41458333333333336 0.028125 0.04791666666666667
3 0.31484375 0.33125 0.0265625 0.05555555555555555
3 0.79921875 0.5138888888888888 0.0328125 0.09444444444444444
3 0.00625 0.49375 0.0125 0.18958333333333333
3 0.719140625 0.6548611111111111 0.100390625 0.36180555555555555
3 0.2875 0.03194444444444444 0.03125 0.030555555555555555
3 0.642578125 0.7715277777777778 0.253125 0.16180555555555556
3 0.444921875 0.5645833333333333 0.021484375 0.06041666666666667
3 0.3328125 0.7736111111111111 0.021875 0.10277777777777777
0 0.22421875 0.8840277777777777 0.021484375 0.021527777777777778
0 0.587890625 0.8826388888888889 0.023046875 0.022916666666666665
0 0.11015625 0.02847222222222222 0.005859375 0.010416666666666666
0 0.587890625 0.9798611111111111 0.028125 0.022916666666666665
0 0.415625 0.8868055555555555 0.023046875 0.02013888888888889
0 0.48203125 0.8895833333333333 0.0234375 0.02013888888888889
0 0.10859375 0.7451388888888889 0.0109375 0.02847222222222222
0 0.633984375 0.8868055555555555 0.0234375 0.022916666666666665
0 0.22734375 0.9784722222222222 0.025390625 0.030555555555555555
0 0.098828125 0.3701388888888889 0.008203125 0.017361111111111112
0 0.981640625 0.9138888888888889 0.026171875 0.016666666666666666
0 0.152734375 0.9597222222222223 0.011328125 0.030555555555555555
0 0.073046875 0.08402777777777778 0.006640625 0.011111111111111112
0 0.104296875 0.4777777777777778 0.009375 0.01875
0 0.146875 0.8444444444444444 0.021875 0.027777777777777776
0 0.090234375 0.22083333333333333 0.007421875 0.01597222222222222
0 0.352734375 0.9395833333333333 0.023046875 0.019444444444444445
0 0.709765625 0.9013888888888889 0.024609375 0.021527777777777778
0 0.061328125 0.1125 0.006640625 0.011805555555555555
0 0.085546875 0.11458333333333333 0.00625 0.013194444444444444
0 0.20625 0.8548611111111111 0.019921875 0.02013888888888889
0 0.970703125 0.975 0.027734375 0.02013888888888889
0 0.740234375 0.9020833333333333 0.025 0.021527777777777778
0 0.10546875 0.14166666666666666 0.006640625 0.014583333333333334
0 0.174609375 0.8701388888888889 0.021484375 0.021527777777777778
0 0.240234375 0.8513888888888889 0.021875 0.019444444444444445
0 0.116015625 0.8388888888888889 0.011328125 0.035416666666666666
0 0.075 0.13402777777777777 0.008203125 0.014583333333333334
0 0.796875 0.9659722222222222 0.026953125 0.02013888888888889
0 0.801953125 0.8583333333333333 0.014453125 0.029861111111111113
0 0.0546875 0.8298611111111112 0.015625 0.03263888888888889
0 0.032421875 0.4131944444444444 0.008203125 0.017361111111111112
0 0.171875 0.8395833333333333 0.020703125 0.022916666666666665
0 0.805078125 0.6840277777777778 0.012109375 0.027777777777777776
0 0.893359375 0.9888888888888889 0.032421875 0.02013888888888889
0 0.358203125 0.85625 0.019921875 0.019444444444444445
0 0.04609375 0.3909722222222222 0.0078125 0.017361111111111112
0 0.494921875 0.9715277777777778 0.024609375 0.022222222222222223
0 0.822265625 0.9868055555555556 0.028125 0.022222222222222223
0 0.0375 0.8201388888888889 0.010546875 0.01875
0 0.769921875 0.9055555555555556 0.026171875 0.02013888888888889
0 0.330078125 0.8548611111111111 0.0234375 0.025
0 0.860546875 0.9083333333333333 0.026953125 0.024305555555555556
0 0.76328125 0.9652777777777778 0.025390625 0.019444444444444445
0 0.316015625 0.7680555555555556 0.009375 0.013888888888888888
0 0.987109375 0.8673611111111111 0.024609375 0.019444444444444445
0 0.929296875 0.9708333333333333 0.026171875 0.022916666666666665
0 0.11796875 0.4305555555555556 0.0078125 0.016666666666666666
0 0.408203125 0.9611111111111111 0.017578125 0.02013888888888889
0 0.862109375 0.96875 0.027734375 0.022222222222222223
0 0.8296875 0.9083333333333333 0.026171875 0.022222222222222223
0 0.937109375 0.9118055555555555 0.0234375 0.016666666666666666
0 0.89375 0.96875 0.028125 0.019444444444444445
0 0.744921875 0.8784722222222222 0.025390625 0.022222222222222223
0 0.037109375 0.4444444444444444 0.009375 0.02013888888888889
0 0.109375 0.3194444444444444 0.007421875 0.014583333333333334
0 0.149609375 0.6715277777777777 0.0125 0.03333333333333333
0 0.047265625 0.5659722222222222 0.009375 0.022222222222222223
0 0.718359375 0.8618055555555556 0.0203125 0.02013888888888889
0 0.104296875 0.1875 0.00625 0.011805555555555555
0 0.143359375 0.75 0.010546875 0.029861111111111113
0 0.78125 0.8395833333333333 0.01875 0.03611111111111111
0 0.728515625 0.9666666666666667 0.023828125 0.014583333333333334
0 0.960546875 0.8645833333333334 0.026171875 0.02013888888888889
0 0.978125 0.6868055555555556 0.011328125 0.01875
0 0.801953125 0.9069444444444444 0.026171875 0.021527777777777778
0 0.085546875 0.19236111111111112 0.00625 0.011805555555555555
0 0.833203125 0.9666666666666667 0.026953125 0.02013888888888889
0 0.187890625 0.8041666666666667 0.016796875 0.022916666666666665
0 0.32890625 0.9395833333333333 0.025390625 0.021527777777777778
0 0.89375 0.9104166666666667 0.025 0.022222222222222223
0 0.785546875 0.99375 0.025 0.010416666666666666
1 0.41796875 0.5770833333333333 0.033984375 0.052083333333333336
1 0.49453125 0.5756944444444444 0.019921875 0.04236111111111111
1 0.355078125 0.32569444444444445 0.0546875 0.029166666666666667
1 0.501171875 0.6423611111111112 0.037890625 0.05694444444444444
1 0.54609375 0.6423611111111112 0.020703125 0.06041666666666667
1 0.422265625 0.6486111111111111 0.0171875 0.04861111111111111