2 0.591796875 0.44375 0.0125 0.050694444444444445
2 0.630859375 0.58125 0.01875 0.06111111111111111
2 0.572265625 0.5743055555555555 0.013671875 0.06944444444444445
2 0.85625 0.8340277777777778 0.026171875 0.1
2 0.619921875 0.43819444444444444 0.012109375 0.05347222222222222
2 0.646875 0.4479166666666667 0.011328125 0.050694444444444445
2 0.684765625 0.5826388888888889 0.016015625 0.058333333333333334
2 0.88359375 0.2791666666666667 0.012890625 0.030555555555555555
2 0.892578125 0.8409722222222222 0.028515625 0.09722222222222222
2 0.650390625 0.5881944444444445 0.0125 0.06666666666666667
3 0.26640625 0.6138888888888889 0.262890625 0.4909722222222222
3 0.10546875 0.3173611111111111 0.1765625 0.49166666666666664
3 0.752734375 0.6243055555555556 0.174609375 0.3034722222222222
3 0.53671875 0.050694444444444445 0.072265625 0.1
3 0.921484375 0.5423611111111111 0.155078125 0.6756944444444445
3 0.058984375 0.2590277777777778 0.117578125 0.5173611111111112
3 0.8296875 0.1361111111111111 0.054296875 0.12777777777777777
3 0.5890625 0.024305555555555556 0.046875 0.04791666666666667
3 0.719140625 0.04375 0.040625 0.08680555555555555
3 0.775 0.021527777777777778 0.01875 0.03263888888888889
3 0.30625 0.13125 0.3484375 0.2625
3 0.40234375 0.13125 0.1546875 0.2625
3 0.284765625 0.3215277777777778 0.2859375 0.3277777777777778
3 0.838671875 0.044444444444444446 0.036328125 0.052083333333333336
3 0.896875 0.6597222222222222 0.108203125 0.3104166666666667
3 0.80859375 0.03819444444444445 0.0390625 0.06111111111111111
0 0.850390625 0.31875 0.0625 0.035416666666666666
0 0.608203125 0.39652777777777776 0.073046875 0.04722222222222222
0 0.833203125 0.4354166666666667 0.0703125 0.04652777777777778
0 0.910546875 0.2965277777777778 0.0515625 0.03888888888888889
0 0.818359375 0.18958333333333333 0.028515625 0.029861111111111113
0 0.823828125 0.5138888888888888 0.034375 0.04097222222222222
0 0.403515625 0.29583333333333334 0.031640625 0.034027777777777775
0 0.822265625 0.25763888888888886 0.023046875 0.03125
0 0.40859375 0.27361111111111114 0.0328125 0.03611111111111111
0 0.829296875 0.46597222222222223 0.072265625 0.05486111111111111
0 0.163671875 0.3770833333333333 0.0390625 0.03611111111111111
0 0.391796875 0.5986111111111111 0.045703125 0.049305555555555554