2 0.9421875 0.6715277777777777 0.1140625 0.5513888888888889
2 0.530859375 0.6131944444444445 0.06640625 0.4097222222222222
2 0.410546875 0.56875 0.04296875 0.24861111111111112
2 0.453515625 0.6069444444444444 0.07109375 0.37777777777777777
2 0.67109375 0.5263888888888889 0.021875 0.09444444444444444
2 0.731640625 0.5423611111111111 0.02734375 0.10416666666666667
2 0.49375 0.5694444444444444 0.0375 0.2611111111111111
2 0.69140625 0.5229166666666667 0.0125 0.05694444444444444
2 0.120703125 0.5555555555555556 0.05234375 0.09444444444444444
2 0.74609375 0.5277777777777778 0.009375 0.075
2 0.796875 0.5236111111111111 0.0140625 0.06666666666666667
2 0.6484375 0.5166666666666667 0.00625 0.04722222222222222
2 0.83359375 0.5173611111111112 0.0078125 0.043055555555555555
2 0.819921875 0.5173611111111112 0.01015625 0.05138888888888889
2 0.809765625 0.51875 0.01171875 0.05416666666666667
3 0.300390625 0.5145833333333333 0.06484375 0.2263888888888889
3 0.162890625 0.5541666666666667 0.04140625 0.08888888888888889
3 0.409375 0.45208333333333334 0.05625 0.10694444444444444
3 0.06015625 0.5034722222222222 0.0515625 0.08472222222222223
3 0.409765625 0.5048611111111111 0.05703125 0.2152777777777778
3 0.39453125 0.4527777777777778 0.0265625 0.10833333333333334
3 0.07734375 0.38125 0.1546875 0.17083333333333334