2 0.0765625 0.60625 0.153125 0.7847222222222222
2 0.894140625 0.575 0.08984375 0.2611111111111111
2 0.36796875 0.5506944444444445 0.0640625 0.34305555555555556
2 0.237890625 0.5923611111111111 0.26953125 0.8125
3 0.734765625 0.36944444444444446 0.18671875 0.7388888888888889
3 0.564453125 0.2659722222222222 0.27421875 0.5319444444444444
3 0.36953125 0.20625 0.146875 0.4125
3 0.801171875 0.5291666666666667 0.12890625 0.40555555555555556
3 0.960546875 0.4652777777777778 0.07578125 0.3416666666666667
3 0.959765625 0.8520833333333333 0.07734375 0.2902777777777778
3 0.133984375 0.10555555555555556 0.26484375 0.2111111111111111
3 0.640625 0.5555555555555556 0.08125 0.3611111111111111