2 0.428125 0.5125 0.0125 0.06111111111111111
2 0.378515625 0.5201388888888889 0.01796875 0.05694444444444444
2 0.237109375 0.5173611111111112 0.01953125 0.08472222222222223
2 0.33515625 0.50625 0.0109375 0.0375
2 0.39765625 0.5180555555555556 0.025 0.06388888888888888
2 0.030078125 0.5215277777777778 0.03359375 0.09861111111111111
2 0.290234375 0.5194444444444445 0.01484375 0.06944444444444445
2 0.271484375 0.5118055555555555 0.02109375 0.09305555555555556
2 0.253515625 0.5159722222222223 0.02265625 0.08472222222222223
2 0.00859375 0.5208333333333334 0.0171875 0.1
3 0.081640625 0.5888888888888889 0.05859375 0.25277777777777777
3 0.780859375 0.6180555555555556 0.13046875 0.38055555555555554
3 0.498046875 0.5291666666666667 0.16171875 0.4083333333333333
3 0.176953125 0.37569444444444444 0.16640625 0.3486111111111111
3 0.91953125 0.68125 0.05 0.3541666666666667
3 0.59140625 0.8611111111111112 0.10625 0.16111111111111112
3 0.08203125 0.5090277777777777 0.05625 0.09305555555555556
3 0.272265625 0.46875 0.04140625 0.05694444444444444
3 0.54921875 0.21597222222222223 0.1953125 0.3375
3 0.08125 0.37083333333333335 0.090625 0.36666666666666664
3 0.631640625 0.5305555555555556 0.15703125 0.4583333333333333
3 0.5640625 0.3909722222222222 0.290625 0.6847222222222222
3 0.02421875 0.17708333333333334 0.0484375 0.3541666666666667
3 0.048828125 0.17916666666666667 0.09765625 0.35833333333333334
3 0.219921875 0.3770833333333333 0.07265625 0.09305555555555556
3 0.05078125 0.31666666666666665 0.1 0.33055555555555555