2 0.05546875 0.8055555555555556 0.0203125 0.03888888888888889
2 0.484765625 0.9145833333333333 0.02734375 0.14305555555555555
2 0.505078125 0.9263888888888889 0.03203125 0.14444444444444443
2 0.533203125 0.9347222222222222 0.03984375 0.12777777777777777
2 0.56953125 0.9173611111111111 0.01875 0.15416666666666667
2 0.59921875 0.9166666666666666 0.021875 0.1638888888888889
3 0.038671875 0.6597222222222222 0.07109375 0.09444444444444444
3 0.88984375 0.9673611111111111 0.090625 0.0625
3 0.04375 0.8708333333333333 0.0796875 0.11666666666666667
3 0.13359375 0.66875 0.0421875 0.0625
3 0.114453125 0.9256944444444445 0.14296875 0.14305555555555555
3 0.113671875 0.8013888888888889 0.05546875 0.10555555555555556
3 0.092578125 0.8729166666666667 0.18515625 0.25416666666666665