2 0.87265625 0.48055555555555557 0.0265625 0.13333333333333333
2 0.95859375 0.5479166666666667 0.0625 0.2708333333333333
2 0.106640625 0.4618055555555556 0.02109375 0.04583333333333333
2 0.732421875 0.4708333333333333 0.01796875 0.06111111111111111
3 0.51875 0.5256944444444445 0.2203125 0.5458333333333333
3 0.862890625 0.36041666666666666 0.09296875 0.19305555555555556
3 0.2765625 0.3840277777777778 0.278125 0.3958333333333333
3 0.08671875 0.3763888888888889 0.1109375 0.20555555555555555
3 0.789453125 0.3923611111111111 0.11796875 0.1875
3 0.9640625 0.3840277777777778 0.0703125 0.18472222222222223
3 0.184375 0.5805555555555556 0.109375 0.15833333333333333
3 0.091015625 0.6354166666666666 0.05546875 0.10138888888888889
3 0.037109375 0.4465277777777778 0.07421875 0.1125
3 0.649609375 0.4 0.05703125 0.1638888888888889
3 0.21015625 0.3951388888888889 0.146875 0.3486111111111111