2 0.18984375 0.6208333333333333 0.071875 0.17222222222222222
2 0.4609375 0.5395833333333333 0.0265625 0.059722222222222225
1 0.43828125 0.7527777777777778 0.8734375 0.4888888888888889
1 0.38359375 0.8125 0.0421875 0.18888888888888888
1 0.468359375 0.6791666666666667 0.03203125 0.25555555555555554
1 0.602734375 0.5868055555555556 0.04609375 0.1736111111111111
1 0.51640625 0.6645833333333333 0.028125 0.1736111111111111
1 0.687890625 0.54375 0.01953125 0.09583333333333334
1 0.5484375 0.6194444444444445 0.0421875 0.16944444444444445
3 0.801953125 0.26875 0.09609375 0.19027777777777777
3 0.08359375 0.30833333333333335 0.1015625 0.33611111111111114
3 0.933203125 0.13541666666666666 0.12734375 0.26805555555555555
3 0.217578125 0.2923611111111111 0.08359375 0.2902777777777778
3 0.68046875 0.3138888888888889 0.0625 0.2361111111111111
3 0.278125 0.2826388888888889 0.059375 0.2708333333333333
3 0.316796875 0.32569444444444445 0.06796875 0.31527777777777777
3 0.728125 0.37083333333333335 0.0890625 0.20833333333333334
3 0.040625 0.3347222222222222 0.08125 0.30277777777777776
3 0.63671875 0.3173611111111111 0.0703125 0.35138888888888886
3 0.25703125 0.3611111111111111 0.0640625 0.15555555555555556
3 0.559765625 0.24583333333333332 0.07734375 0.33055555555555555
3 0.380859375 0.5291666666666667 0.12578125 0.35833333333333334
3 0.688671875 0.3854166666666667 0.03671875 0.09861111111111111
3 0.383984375 0.2875 0.07578125 0.23055555555555557
3 0.3390625 0.3090277777777778 0.0609375 0.1125
3 0.243359375 0.5722222222222222 0.09296875 0.2833333333333333
3 0.198828125 0.39166666666666666 0.05859375 0.08888888888888889
3 0.84375 0.3298611111111111 0.03125 0.0375
3 0.737890625 0.22777777777777777 0.06796875 0.1111111111111111
3 0.43671875 0.2708333333333333 0.0734375 0.32222222222222224
3 0.014453125 0.1423611111111111 0.02890625 0.06805555555555555
3 0.494921875 0.34652777777777777 0.20703125 0.5513888888888889
3 0.12578125 0.3972222222222222 0.08125 0.1638888888888889
3 0.985546875 0.4027777777777778 0.02734375 0.1
3 0.579296875 0.31527777777777777 0.05078125 0.21388888888888888
3 0.1140625 0.3423611111111111 0.0390625 0.059722222222222225
3 0.5578125 0.49583333333333335 0.071875 0.18055555555555555
3 0.435546875 0.18541666666666667 0.06796875 0.15138888888888888
3 0.1109375 0.3763888888888889 0.0484375 0.12777777777777777
3 0.015234375 0.24375 0.03046875 0.2708333333333333
3 0.3390625 0.3590277777777778 0.0640625 0.22083333333333333