2 0.933984375 0.38125 0.02890625 0.09027777777777778
2 0.901953125 0.3784722222222222 0.04921875 0.10416666666666667
1 0.86640625 0.5604166666666667 0.0453125 0.2263888888888889
1 0.72734375 0.6090277777777777 0.03125 0.1763888888888889
1 0.54921875 0.6743055555555556 0.028125 0.1875
1 0.335546875 0.6243055555555556 0.04765625 0.41805555555555557
1 0.988671875 0.4513888888888889 0.01953125 0.25833333333333336
1 0.607421875 0.6069444444444444 0.78046875 0.5638888888888889
3 0.41484375 0.3798611111111111 0.4734375 0.7597222222222222
3 0.419921875 0.4465277777777778 0.14140625 0.22083333333333333
3 0.53203125 0.8298611111111112 0.134375 0.21805555555555556
3 0.96328125 0.7125 0.0703125 0.28888888888888886