2 0.401953125 0.9083333333333333 0.00703125 0.019444444444444445
2 0.283984375 0.9222222222222223 0.00546875 0.019444444444444445
2 0.35625 0.9534722222222223 0.0046875 0.020833333333333332
2 0.276171875 0.9243055555555556 0.00390625 0.015277777777777777
3 0.529296875 0.75625 0.04609375 0.12916666666666668
3 0.487890625 0.8159722222222222 0.03203125 0.10138888888888889
3 0.08046875 0.8645833333333334 0.0546875 0.1625
3 0.438671875 0.55 0.02734375 0.09722222222222222
3 0.655078125 0.6972222222222222 0.03828125 0.1361111111111111
3 0.4171875 0.5590277777777778 0.0234375 0.08472222222222223
3 0.422265625 0.8534722222222222 0.02890625 0.07083333333333333
3 0.55390625 0.5631944444444444 0.015625 0.08472222222222223
3 0.4421875 0.6916666666666667 0.021875 0.07222222222222222
3 0.784375 0.9638888888888889 0.05 0.06944444444444445
3 0.204296875 0.8513888888888889 0.02734375 0.13333333333333333
3 0.7703125 0.5423611111111111 0.040625 0.10416666666666667
3 0.18515625 0.5430555555555555 0.0171875 0.04722222222222222
3 0.708203125 0.7583333333333333 0.02734375 0.125
3 0.4546875 0.48333333333333334 0.0265625 0.06111111111111111
3 0.6203125 0.9763888888888889 0.0375 0.044444444444444446
3 0.317578125 0.7347222222222223 0.05703125 0.1527777777777778
3 0.821875 0.7479166666666667 0.0359375 0.10138888888888889
3 0.7734375 0.6569444444444444 0.0390625 0.09166666666666666
3 0.820703125 0.6951388888888889 0.25546875 0.24027777777777778
3 0.633203125 0.5173611111111112 0.02421875 0.09027777777777778
3 0.342578125 0.8166666666666667 0.04453125 0.18055555555555555
3 0.193359375 0.6083333333333333 0.03828125 0.08333333333333333
3 0.344140625 0.5701388888888889 0.02890625 0.09583333333333334
3 0.721484375 0.5194444444444445 0.02421875 0.08055555555555556
3 0.01796875 0.65 0.0359375 0.15833333333333333
3 0.58125 0.98125 0.0375 0.034722222222222224
3 0.777734375 0.7506944444444444 0.03359375 0.1125
3 0.330078125 0.48055555555555557 0.01953125 0.04722222222222222
3 0.3609375 0.5708333333333333 0.021875 0.08055555555555556
3 0.1 0.6416666666666667 0.0453125 0.17222222222222222
3 0.978125 0.9298611111111111 0.0421875 0.13472222222222222
3 0.098828125 0.5979166666666667 0.04296875 0.08472222222222223
3 0.440625 0.6631944444444444 0.025 0.12916666666666668
3 0.387109375 0.8215277777777777 0.04609375 0.1375
3 0.855859375 0.9652777777777778 0.04140625 0.06666666666666667
3 0.8140625 0.65625 0.034375 0.0763888888888889
3 0.513671875 0.8576388888888888 0.01796875 0.043055555555555555
3 0.39453125 0.7493055555555556 0.0421875 0.06805555555555555
3 0.206640625 0.8166666666666667 0.02109375 0.06111111111111111
3 0.751953125 0.7479166666666667 0.02890625 0.12638888888888888
3 0.3234375 0.56875 0.0203125 0.0875
3 0.594140625 0.6208333333333333 0.02265625 0.2861111111111111
3 0.08671875 0.7756944444444445 0.0765625 0.44305555555555554
3 0.4390625 0.6284722222222222 0.01875 0.059722222222222225
3 0.59453125 0.5298611111111111 0.021875 0.10138888888888889
3 0.563671875 0.5590277777777778 0.01484375 0.0625
3 0.7359375 0.725 0.0375 0.1527777777777778
3 0.305078125 0.5715277777777777 0.02578125 0.09027777777777778
3 0.783984375 0.6104166666666667 0.33203125 0.3902777777777778
0 0.1296875 0.8229166666666666 0.0125 0.020833333333333332
0 0.1234375 0.5097222222222222 0.009375 0.011111111111111112
0 0.133203125 0.7541666666666667 0.01171875 0.019444444444444445
0 0.06796875 0.5694444444444444 0.0109375 0.019444444444444445
0 0.729296875 0.9645833333333333 0.03359375 0.029166666666666667
0 0.82265625 0.9909722222222223 0.0265625 0.015277777777777777
0 0.138671875 0.5444444444444444 0.00859375 0.011111111111111112
0 0.0625 0.6423611111111112 0.0109375 0.018055555555555554
0 0.120703125 0.45416666666666666 0.00703125 0.008333333333333333
0 0.039453125 0.8909722222222223 0.01640625 0.034722222222222224
0 0.89140625 0.9256944444444445 0.0296875 0.02638888888888889
0 0.07578125 0.5430555555555555 0.0078125 0.011111111111111112
0 0.953515625 0.71875 0.01171875 0.020833333333333332
0 0.126171875 0.5270833333333333 0.00703125 0.009722222222222222
0 0.0859375 0.5263888888888889 0.0109375 0.011111111111111112
0 0.015234375 0.9076388888888889 0.01796875 0.0375
0 0.032421875 0.9784722222222222 0.01953125 0.04027777777777778
0 0.085546875 0.5513888888888889 0.01015625 0.011111111111111112
0 0.1578125 0.6173611111111111 0.009375 0.015277777777777777
0 0.109375 0.4375 0.00625 0.008333333333333333