2 0.189453125 0.8222222222222222 0.02109375 0.07222222222222222
2 0.741015625 0.9229166666666667 0.03515625 0.15138888888888888
2 0.56171875 0.9354166666666667 0.0484375 0.12638888888888888
2 0.69921875 0.9194444444444444 0.0296875 0.15833333333333333
2 0.56875 0.8777777777777778 0.0203125 0.06944444444444445
2 0.715234375 0.925 0.01953125 0.14722222222222223
2 0.525390625 0.9256944444444445 0.04609375 0.14583333333333334
3 0.067578125 0.6104166666666667 0.08671875 0.17916666666666667
3 0.2078125 0.6736111111111112 0.0625 0.08611111111111111
3 0.0296875 0.9263888888888889 0.059375 0.14166666666666666
3 0.223046875 0.8611111111111112 0.06015625 0.1111111111111111
3 0.26796875 0.8756944444444444 0.1484375 0.24305555555555555
3 0.280078125 0.9243055555555556 0.12265625 0.14583333333333334
3 0.148046875 0.6826388888888889 0.03671875 0.04861111111111111
3 0.278125 0.8152777777777778 0.0453125 0.12222222222222222
3 0.289453125 0.6833333333333333 0.03671875 0.06666666666666667
3 0.0171875 0.8069444444444445 0.0296875 0.05
3 0.119140625 0.8375 0.06796875 0.06944444444444445
3 0.04140625 0.8104166666666667 0.021875 0.043055555555555555
3 0.107421875 0.6583333333333333 0.03828125 0.08333333333333333
3 0.13828125 0.8423611111111111 0.028125 0.059722222222222225
3 0.2875 0.6576388888888889 0.034375 0.1375
3 0.098046875 0.8270833333333333 0.02578125 0.04861111111111111