3 0.273046875 0.39652777777777776 0.17890625 0.24027777777777778
2 0.912890625 0.6229166666666667 0.08046875 0.2902777777777778
2 0.17265625 0.4986111111111111 0.0375 0.14722222222222223
2 0.815625 0.5597222222222222 0.0296875 0.14444444444444443
2 0.476953125 0.5298611111111111 0.02890625 0.1486111111111111
2 0.516015625 0.5270833333333333 0.01953125 0.16527777777777777
2 0.505859375 0.5243055555555556 0.03515625 0.1763888888888889
3 0.65390625 0.3902777777777778 0.071875 0.19722222222222222
3 0.807421875 0.4215277777777778 0.16796875 0.2263888888888889
3 0.403515625 0.40694444444444444 0.07109375 0.24722222222222223
3 0.566015625 0.3909722222222222 0.14140625 0.30972222222222223
3 0.855859375 0.09097222222222222 0.05703125 0.15416666666666667