2 0.685546875 0.6854166666666667 0.10546875 0.6125
2 0.521875 0.6597222222222222 0.128125 0.5916666666666667
2 0.869140625 0.6763888888888889 0.13515625 0.6083333333333333
2 0.590625 0.6263888888888889 0.090625 0.375
2 0.79375 0.5756944444444444 0.0484375 0.2902777777777778
2 0.323828125 0.60625 0.05390625 0.30416666666666664
2 0.41171875 0.5743055555555555 0.0359375 0.24861111111111112
2 0.933984375 0.5861111111111111 0.03671875 0.25833333333333336
2 0.44609375 0.5861111111111111 0.0484375 0.26944444444444443
2 0.98828125 0.7243055555555555 0.021875 0.4986111111111111
2 0.97421875 0.5881944444444445 0.03125 0.24027777777777778
2 0.368359375 0.6055555555555555 0.06171875 0.29444444444444445
3 0.184375 0.4791666666666667 0.14375 0.2777777777777778
3 0.383203125 0.24027777777777778 0.38515625 0.48055555555555557
3 0.051171875 0.4673611111111111 0.10234375 0.5652777777777778
3 0.673828125 0.3486111111111111 0.17734375 0.2861111111111111