3 0.85546875 0.41458333333333336 0.26875 0.8291666666666667
2 0.786328125 0.8618055555555556 0.05078125 0.2152777777777778
2 0.137109375 0.8208333333333333 0.03828125 0.18055555555555555
2 0.290234375 0.8131944444444444 0.03515625 0.15694444444444444
2 0.986328125 0.7909722222222222 0.02578125 0.15416666666666667
2 0.430078125 0.8833333333333333 0.04765625 0.23055555555555557
2 0.18515625 0.8208333333333333 0.034375 0.15
2 0.27265625 0.8076388888888889 0.0234375 0.12916666666666668
2 0.21328125 0.8222222222222222 0.0328125 0.1388888888888889
2 0.51796875 0.7680555555555556 0.0125 0.058333333333333334
2 0.203125 0.7965277777777777 0.0171875 0.11527777777777778
3 0.11171875 0.41597222222222224 0.2234375 0.8291666666666667
3 0.555078125 0.74375 0.06328125 0.1597222222222222
3 0.737890625 0.7638888888888888 0.06953125 0.10833333333333334
3 0.5546875 0.6909722222222222 0.0625 0.05416666666666667