2 0.655078125 0.6618055555555555 0.01328125 0.05138888888888889
2 0.580078125 0.6291666666666667 0.00859375 0.05277777777777778
2 0.32890625 0.6486111111111111 0.0125 0.03611111111111111
2 0.312109375 0.6222222222222222 0.01015625 0.05
2 0.294140625 0.6319444444444444 0.01015625 0.03333333333333333
2 0.379296875 0.6472222222222223 0.00859375 0.030555555555555555
1 0.5984375 0.7104166666666667 0.7984375 0.5708333333333333
1 0.6171875 0.8819444444444444 0.0390625 0.22777777777777777
1 0.478125 0.8159722222222222 0.0390625 0.1736111111111111
1 0.54375 0.8645833333333334 0.0453125 0.16527777777777777
3 0.444140625 0.4798611111111111 0.27890625 0.5097222222222222
3 0.971875 0.49027777777777776 0.0421875 0.06666666666666667
3 0.87578125 0.48055555555555557 0.040625 0.09722222222222222
3 0.0921875 0.35625 0.184375 0.7125
3 0.92890625 0.49722222222222223 0.0359375 0.05
3 0.22734375 0.48333333333333334 0.20625 0.44722222222222224
3 0.792578125 0.5902777777777778 0.07265625 0.15
3 0.5890625 0.4791666666666667 0.1203125 0.35
3 0.8546875 0.49722222222222223 0.015625 0.05277777777777778
3 0.6609375 0.4791666666666667 0.1546875 0.35833333333333334
3 0.283984375 0.4576388888888889 0.11484375 0.39305555555555555
3 0.99140625 0.5020833333333333 0.015625 0.043055555555555555