2 0.9625 0.80625 0.0734375 0.30416666666666664
2 0.902734375 0.8256944444444444 0.05546875 0.2986111111111111
2 0.2484375 0.7138888888888889 0.0125 0.075
2 0.808203125 0.6784722222222223 0.01640625 0.04027777777777778
2 0.0828125 0.7215277777777778 0.0171875 0.08472222222222223
3 0.195703125 0.4979166666666667 0.39140625 0.9958333333333333
3 0.632421875 0.575 0.11328125 0.2361111111111111
3 0.73046875 0.5145833333333333 0.1296875 0.30416666666666664
3 0.81328125 0.5083333333333333 0.0609375 0.16944444444444445
3 0.658203125 0.4027777777777778 0.06640625 0.1638888888888889
3 0.929296875 0.5868055555555556 0.11953125 0.22916666666666666
3 0.864453125 0.7680555555555556 0.04765625 0.14722222222222223
3 0.8109375 0.7520833333333333 0.046875 0.12916666666666668
3 0.955859375 0.6090277777777777 0.06484375 0.15694444444444444
3 0.907421875 0.5201388888888889 0.05546875 0.09583333333333334
0 0.646484375 0.6576388888888889 0.06015625 0.04861111111111111
0 0.80859375 0.65625 0.0796875 0.04861111111111111
0 0.854296875 0.6548611111111111 0.06640625 0.05416666666666667