2 0.37109375 0.4965277777777778 0.03125 0.14027777777777778
2 0.31875 0.5361111111111111 0.0640625 0.26944444444444443
2 0.288671875 0.5354166666666667 0.07109375 0.2708333333333333
2 0.246875 0.5354166666666667 0.0515625 0.21805555555555556
2 0.503125 0.44513888888888886 0.0234375 0.09861111111111111
3 0.56953125 0.2638888888888889 0.2109375 0.5277777777777778
3 0.25703125 0.8708333333333333 0.1859375 0.24722222222222223
3 0.0953125 0.28958333333333336 0.1859375 0.5791666666666667
3 0.351171875 0.3472222222222222 0.21328125 0.6944444444444444
3 0.3078125 0.3090277777777778 0.615625 0.6180555555555556
3 0.04609375 0.30416666666666664 0.0921875 0.6083333333333333
3 0.224609375 0.23541666666666666 0.20234375 0.4708333333333333