2 0.8953125 0.8881944444444444 0.08125 0.22083333333333333
2 0.970703125 0.8923611111111112 0.05703125 0.2125
2 0.986328125 0.8041666666666667 0.02578125 0.12222222222222222
1 0.695703125 0.8375 0.34140625 0.31666666666666665
1 0.78515625 0.95625 0.1625 0.08194444444444444
3 0.710546875 0.5451388888888888 0.14140625 0.5152777777777777
3 0.043359375 0.5479166666666667 0.08671875 0.3347222222222222
3 0.629296875 0.6152777777777778 0.11484375 0.4166666666666667
3 0.483984375 0.5597222222222222 0.07890625 0.10555555555555556
3 0.216796875 0.5416666666666666 0.06953125 0.07777777777777778
3 0.075390625 0.6402777777777777 0.09921875 0.25277777777777777
3 0.405859375 0.5583333333333333 0.05390625 0.09166666666666666
3 0.4421875 0.55625 0.0421875 0.10416666666666667
3 0.28671875 0.5618055555555556 0.059375 0.05694444444444444
3 0.367578125 0.5583333333333333 0.05078125 0.08055555555555556
3 0.433203125 0.5569444444444445 0.18359375 0.10833333333333334