1 0.871875 0.7715277777777778 0.1890625 0.20416666666666666
2 0.173046875 0.8493055555555555 0.12109375 0.2986111111111111
2 0.3015625 0.84375 0.0734375 0.30972222222222223
2 0.8828125 0.7548611111111111 0.0125 0.04583333333333333
2 0.378515625 0.8534722222222222 0.07890625 0.2902777777777778
2 0.469140625 0.8652777777777778 0.07734375 0.26666666666666666
2 0.52734375 0.8659722222222223 0.0515625 0.2625
2 0.16328125 0.7381944444444445 0.0125 0.0375
2 0.366796875 0.7423611111111111 0.01953125 0.06527777777777778
2 0.146875 0.7375 0.0109375 0.03333333333333333
1 0.143359375 0.9034722222222222 0.28515625 0.19027777777777777
1 0.250390625 0.8986111111111111 0.06640625 0.19166666666666668
3 0.07890625 0.4236111111111111 0.1578125 0.3416666666666667
3 0.733203125 0.5194444444444445 0.15234375 0.48333333333333334
3 0.93984375 0.43333333333333335 0.11875 0.6694444444444444
3 0.643359375 0.7409722222222223 0.07734375 0.14583333333333334
3 0.76640625 0.5409722222222222 0.0984375 0.3347222222222222
3 0.362109375 0.6069444444444444 0.03359375 0.08611111111111111
3 0.23359375 0.6173611111111111 0.0640625 0.07083333333333333
3 0.41171875 0.6034722222222222 0.13125 0.09861111111111111
0 0.556640625 0.7430555555555556 0.01640625 0.05