2 0.547265625 0.4791666666666667 0.18203125 0.6194444444444445
2 0.3078125 0.4027777777777778 0.0578125 0.3
2 0.35546875 0.38125 0.0515625 0.2875
2 0.408203125 0.36944444444444446 0.06015625 0.31666666666666665
2 0.4390625 0.3416666666666667 0.0296875 0.175
2 0.463671875 0.33402777777777776 0.03671875 0.17083333333333334
3 0.63203125 0.23125 0.1234375 0.4625
3 0.801171875 0.2791666666666667 0.05234375 0.1361111111111111
3 0.3953125 0.2326388888888889 0.5921875 0.4652777777777778
3 0.859765625 0.18194444444444444 0.10546875 0.3638888888888889
3 0.0703125 0.34097222222222223 0.140625 0.44027777777777777
3 0.3921875 0.14722222222222223 0.19375 0.29444444444444445