2 0.463671875 0.7243055555555555 0.008203125 0.03333333333333333
1 0.411328125 0.6243055555555556 0.049609375 0.06319444444444444
3 0.371484375 0.48819444444444443 0.0265625 0.08888888888888889
3 0.68046875 0.8256944444444444 0.0359375 0.10625
3 0.6359375 0.8118055555555556 0.0375 0.08611111111111111
3 0.387109375 0.8513888888888889 0.037109375 0.09375
3 0.522265625 0.08194444444444444 0.023828125 0.04513888888888889
3 0.107421875 0.8715277777777778 0.033203125 0.08680555555555555
3 0.550390625 0.5069444444444444 0.028125 0.09513888888888888
3 0.599609375 0.81875 0.0390625 0.07569444444444444
3 0.508203125 0.83125 0.0375 0.11666666666666667
3 0.113671875 0.8020833333333334 0.0359375 0.06597222222222222
3 0.40546875 0.13541666666666666 0.022265625 0.05625
3 0.018359375 0.8243055555555555 0.03671875 0.08472222222222223
3 0.334375 0.2611111111111111 0.042578125 0.07013888888888889
3 0.574609375 0.6486111111111111 0.030859375 0.17291666666666666
3 0.760546875 0.2361111111111111 0.0328125 0.07430555555555556
3 0.680859375 0.5340277777777778 0.0328125 0.07222222222222222
3 0.336328125 0.36875 0.038671875 0.06736111111111111
3 0.262109375 0.8298611111111112 0.037109375 0.07013888888888889
3 0.337109375 0.8930555555555556 0.030078125 0.058333333333333334
3 0.50703125 0.5215277777777778 0.031640625 0.08333333333333333
3 0.66953125 0.8993055555555556 0.0328125 0.07847222222222222
3 0.142578125 0.39444444444444443 0.031640625 0.0798611111111111
3 0.7328125 0.8270833333333333 0.033203125 0.08958333333333333
3 0.758984375 0.9020833333333333 0.0375 0.08680555555555555
3 0.19375 0.5173611111111112 0.053125 0.07569444444444444
3 0.79453125 0.8604166666666667 0.049609375 0.14791666666666667
3 0.1828125 0.7131944444444445 0.105078125 0.3506944444444444
3 0.10625 0.5055555555555555 0.041796875 0.09444444444444444
3 0.45078125 0.14305555555555555 0.016015625 0.06736111111111111
3 0.640625 0.8972222222222223 0.033203125 0.09791666666666667
3 0.358984375 0.9243055555555556 0.033984375 0.052083333333333336
3 0.618359375 0.4951388888888889 0.0265625 0.06597222222222222
3 0.706640625 0.5256944444444445 0.028515625 0.09791666666666667
3 0.105078125 0.24375 0.032421875 0.08888888888888889
3 0.3625 0.050694444444444445 0.026953125 0.041666666666666664
3 0.595703125 0.5020833333333333 0.026953125 0.08819444444444445
3 0.111328125 0.6048611111111111 0.039453125 0.06111111111111111
3 0.708984375 0.83125 0.035546875 0.07222222222222222
3 0.615625 0.8923611111111112 0.036328125 0.08958333333333333
3 0.758203125 0.6881944444444444 0.109375 0.22777777777777777
3 0.480078125 0.6166666666666667 0.021484375 0.052083333333333336
3 0.938671875 0.23819444444444443 0.025390625 0.06736111111111111
3 0.92421875 0.016666666666666666 0.0140625 0.03333333333333333
3 0.24296875 0.49583333333333335 0.025390625 0.08958333333333333
3 0.970703125 0.2423611111111111 0.031640625 0.08125
3 0.434765625 0.4527777777777778 0.016796875 0.03888888888888889
3 0.611328125 0.1875 0.0125 0.050694444444444445
3 0.284765625 0.5020833333333333 0.028125 0.08333333333333333
3 0.089453125 0.30486111111111114 0.041796875 0.09930555555555555
3 0.543359375 0.8958333333333334 0.028515625 0.10069444444444445
3 0.624609375 0.1798611111111111 0.012109375 0.03958333333333333
3 0.897265625 0.8381944444444445 0.0421875 0.06388888888888888
3 0.355859375 0.6173611111111111 0.018359375 0.06597222222222222
3 0.476171875 0.7090277777777778 0.021484375 0.05
3 0.79375 0.36666666666666664 0.023046875 0.06875
3 0.641015625 0.49444444444444446 0.028515625 0.06458333333333334
3 0.249609375 0.8756944444444444 0.038671875 0.07708333333333334
3 0.034765625 0.2798611111111111 0.013671875 0.06736111111111111
3 0.56796875 0.8895833333333333 0.033984375 0.10833333333333334
3 0.44453125 0.6368055555555555 0.0234375 0.08958333333333333
3 0.348828125 0.9104166666666667 0.0546875 0.09375
3 0.716796875 0.09444444444444444 0.031640625 0.06875
3 0.6875 0.2013888888888889 0.011328125 0.02847222222222222
3 0.937890625 0.3020833333333333 0.023046875 0.06388888888888888
3 0.341796875 0.6972222222222222 0.030078125 0.1
3 0.7609375 0.8284722222222223 0.0375 0.08402777777777778
3 0.385546875 0.37222222222222223 0.016796875 0.035416666666666666
3 0.94609375 0.014583333333333334 0.0140625 0.029166666666666667
3 0.183984375 0.15902777777777777 0.0234375 0.034027777777777775
3 0.651953125 0.20069444444444445 0.012890625 0.025
3 0.305859375 0.5326388888888889 0.0203125 0.03333333333333333
3 0.26484375 0.4951388888888889 0.024609375 0.08541666666666667
3 0.391796875 0.32013888888888886 0.040234375 0.06319444444444444
3 0.145703125 0.022222222222222223 0.03125 0.044444444444444446
3 0.79453125 0.28958333333333336 0.019140625 0.05
3 0.317578125 0.8270833333333333 0.021484375 0.05763888888888889
3 0.386328125 0.025694444444444443 0.026171875 0.049305555555555554
3 0.82578125 0.49375 0.025390625 0.059027777777777776
3 0.437109375 0.7152777777777778 0.021484375 0.04375
3 0.108984375 0.17222222222222222 0.050390625 0.06319444444444444
3 0.59296875 0.8979166666666667 0.025390625 0.10208333333333333
3 0.674609375 0.8604166666666667 0.2921875 0.18263888888888888
3 0.6125 0.18263888888888888 0.035546875 0.06666666666666667
3 0.225 0.31180555555555556 0.013671875 0.03333333333333333
3 0.301171875 0.34097222222222223 0.030859375 0.06388888888888888
3 0.712890625 0.89375 0.030859375 0.07847222222222222
3 0.338671875 0.7222222222222222 0.023828125 0.05347222222222222
3 0.382421875 0.6256944444444444 0.025 0.05486111111111111
3 0.965234375 0.03263888888888889 0.016796875 0.03125
3 0.418359375 0.3215277777777778 0.092578125 0.12013888888888889
3 0.27890625 0.9166666666666666 0.0296875 0.052083333333333336
3 0.2796875 0.018055555555555554 0.026953125 0.03611111111111111
3 0.594140625 0.4076388888888889 0.035546875 0.058333333333333334
3 0.347265625 0.49930555555555556 0.029296875 0.08333333333333333
3 0.238671875 0.49930555555555556 0.121484375 0.10277777777777777
3 0.600390625 0.17222222222222222 0.011328125 0.04791666666666667
3 0.117578125 0.12291666666666666 0.037890625 0.06597222222222222
3 0.026953125 0.5465277777777777 0.037890625 0.09513888888888888
3 0.10859375 0.4152777777777778 0.033984375 0.08263888888888889
3 0.433203125 0.04652777777777778 0.0453125 0.044444444444444446
0 0.064453125 0.4895833333333333 0.010546875 0.024305555555555556
0 0.134765625 0.9708333333333333 0.0296875 0.027083333333333334
0 0.077734375 0.13194444444444445 0.007421875 0.01597222222222222
0 0.208984375 0.9909722222222223 0.026171875 0.016666666666666666
0 0.848828125 0.9770833333333333 0.025390625 0.04097222222222222
0 0.166796875 0.9576388888888889 0.0234375 0.025
0 0.050390625 0.2965277777777778 0.008203125 0.01597222222222222
0 0.8671875 0.9395833333333333 0.014453125 0.03680555555555556
0 0.05078125 0.04583333333333333 0.006640625 0.010416666666666666
0 0.068359375 0.6319444444444444 0.0109375 0.025
0 0.086328125 0.0125 0.008203125 0.011805555555555555
0 0.20625 0.9548611111111112 0.026171875 0.021527777777777778
0 0.766015625 0.9743055555555555 0.0234375 0.022222222222222223
0 0.806640625 0.9951388888888889 0.025 0.008333333333333333
0 0.0609375 0.26805555555555555 0.007421875 0.013888888888888888
0 0.126953125 0.9395833333333333 0.0234375 0.027777777777777776
0 0.1 0.8263888888888888 0.020703125 0.03958333333333333
0 0.08046875 0.4527777777777778 0.009765625 0.01875
0 0.311328125 0.9659722222222222 0.026171875 0.016666666666666666
0 0.8390625 0.9430555555555555 0.021875 0.04722222222222222
0 0.89140625 0.8923611111111112 0.0171875 0.04097222222222222
0 0.859765625 0.7541666666666667 0.0140625 0.03263888888888889
0 0.012109375 0.2743055555555556 0.007421875 0.014583333333333334
0 0.058203125 0.32708333333333334 0.009375 0.01875
0 0.559765625 0.3013888888888889 0.011328125 0.017361111111111112
0 0.860546875 0.8715277777777778 0.015234375 0.04236111111111111
0 0.067578125 0.018055555555555554 0.007421875 0.011805555555555555
0 0.912109375 0.6319444444444444 0.013671875 0.013888888888888888
0 0.840234375 0.6659722222222222 0.0125 0.034027777777777775
0 0.8421875 0.8875 0.017578125 0.03819444444444445
0 0.319921875 0.9951388888888889 0.021875 0.007638888888888889
0 0.627734375 0.9951388888888889 0.025 0.007638888888888889
0 0.066796875 0.22013888888888888 0.007421875 0.013194444444444444
0 0.849609375 0.7090277777777778 0.0125 0.029861111111111113
0 0.11015625 0.05 0.006640625 0.011111111111111112
0 0.82109375 0.7819444444444444 0.015234375 0.02847222222222222
0 0.826953125 0.8145833333333333 0.017578125 0.030555555555555555
0 0.832421875 0.64375 0.014453125 0.024305555555555556
0 0.106640625 0.7340277777777777 0.015625 0.03888888888888889
0 0.125390625 0.7576388888888889 0.0109375 0.019444444444444445
0 0.813671875 0.7416666666666667 0.012109375 0.02013888888888889
0 0.095703125 0.1451388888888889 0.008984375 0.013194444444444444
0 0.798828125 0.6673611111111111 0.016796875 0.034027777777777775
0 0.145703125 0.8986111111111111 0.019921875 0.027083333333333334
0 0.834375 0.8513888888888889 0.01875 0.03958333333333333
0 0.296484375 0.8534722222222222 0.011328125 0.01597222222222222
0 0.8203125 0.6951388888888889 0.015625 0.03263888888888889
0 0.741796875 0.9722222222222222 0.012890625 0.02013888888888889
0 0.413671875 0.99375 0.014453125 0.011111111111111112
0 0.002734375 0.3333333333333333 0.00546875 0.016666666666666666
1 0.349609375 0.32083333333333336 0.059375 0.03888888888888889
1 0.48359375 0.6159722222222223 0.040625 0.06041666666666667
1 0.563671875 0.7 0.023828125 0.07013888888888889
1 0.510546875 0.7006944444444444 0.03984375 0.07013888888888889
1 0.417578125 0.7083333333333334 0.0171875 0.06041666666666667