2 0.490625 0.4534722222222222 0.014453125 0.07569444444444444
1 0.763671875 0.5423611111111111 0.028125 0.025694444444444443
1 0.7609375 0.7284722222222222 0.344921875 0.46041666666666664
3 0.776171875 0.6020833333333333 0.44375 0.7256944444444444
3 0.535546875 0.2590277777777778 0.170703125 0.38819444444444445
3 0.301171875 0.25069444444444444 0.396484375 0.5006944444444444
3 0.630859375 0.4048611111111111 0.109375 0.14375
3 0.02578125 0.35208333333333336 0.0515625 0.15902777777777777
3 0.830078125 0.4930555555555556 0.0984375 0.23819444444444443
3 0.712890625 0.4701388888888889 0.063671875 0.17152777777777778
3 0.826953125 0.3645833333333333 0.148046875 0.19722222222222222
3 0.970703125 0.3784722222222222 0.057421875 0.17708333333333334
3 0.451953125 0.35555555555555557 0.0703125 0.16111111111111112
3 0.6921875 0.20416666666666666 0.085546875 0.08819444444444445
3 0.879296875 0.24097222222222223 0.0421875 0.06597222222222222
3 0.132421875 0.4777777777777778 0.066796875 0.13680555555555557
3 0.969140625 0.7451388888888889 0.059375 0.33958333333333335
3 0.766015625 0.21597222222222223 0.055859375 0.06875
3 0.942578125 0.5930555555555556 0.1125 0.1638888888888889