2 0.2703125 0.75625 0.015625 0.05416666666666667
2 0.819140625 0.9076388888888889 0.15546875 0.18194444444444444
2 0.90078125 0.8909722222222223 0.0875 0.2152777777777778
2 0.068359375 0.7631944444444444 0.02109375 0.0763888888888889
2 0.780078125 0.7555555555555555 0.01484375 0.07222222222222222
2 0.765625 0.7597222222222222 0.015625 0.06944444444444445
2 0.148828125 0.7819444444444444 0.01171875 0.044444444444444446
1 0.666015625 0.80625 0.65390625 0.37083333333333335
1 0.601171875 0.7631944444444444 0.28828125 0.2847222222222222
3 0.637890625 0.5680555555555555 0.08984375 0.4027777777777778
3 0.80703125 0.5270833333333333 0.090625 0.3402777777777778
3 0.729296875 0.5104166666666666 0.09921875 0.3819444444444444
3 0.836328125 0.5465277777777777 0.05234375 0.2902777777777778
3 0.037109375 0.2604166666666667 0.07421875 0.5208333333333334
3 0.89453125 0.5368055555555555 0.0515625 0.18194444444444444
3 0.86875 0.5104166666666666 0.0546875 0.20694444444444443
3 0.944140625 0.6034722222222222 0.08359375 0.2375
3 0.15390625 0.31875 0.259375 0.6375
3 0.153125 0.10833333333333334 0.2609375 0.21666666666666667
3 0.946484375 0.54375 0.07734375 0.11805555555555555
3 0.6953125 0.5347222222222222 0.0375 0.041666666666666664
3 0.69296875 0.6125 0.0453125 0.2
3 0.871875 0.5319444444444444 0.225 0.3527777777777778