2 0.38203125 0.61875 0.024609375 0.11388888888888889
2 0.494921875 0.6409722222222223 0.021484375 0.11666666666666667
2 0.438671875 0.5805555555555556 0.01875 0.09444444444444444
2 0.456640625 0.50625 0.0109375 0.049305555555555554
2 0.480078125 0.5166666666666667 0.0125 0.06319444444444444
3 0.175 0.1798611111111111 0.086328125 0.10486111111111111
3 0.580078125 0.5881944444444445 0.185546875 0.22152777777777777
3 0.726953125 0.17291666666666666 0.0609375 0.14444444444444443
3 0.587109375 0.20625 0.062109375 0.06875
3 0.2953125 0.5798611111111112 0.299609375 0.21875
3 0.941015625 0.8715277777777778 0.115625 0.25069444444444444
3 0.403125 0.53125 0.079296875 0.11319444444444444
0 0.66640625 0.5534722222222223 0.016015625 0.01597222222222222
0 0.468359375 0.4979166666666667 0.009375 0.011805555555555555