2 0.61640625 0.7895833333333333 0.0328125 0.17083333333333334
2 0.5125 0.6618055555555555 0.0203125 0.1125
2 0.55 0.6277777777777778 0.0171875 0.09166666666666666
2 0.21484375 0.9638888888888889 0.0375 0.06944444444444445
2 0.404296875 0.5819444444444445 0.01484375 0.08333333333333333
2 0.465625 0.7076388888888889 0.0296875 0.11805555555555555
2 0.713671875 0.43819444444444444 0.01015625 0.04861111111111111
2 0.90390625 0.7722222222222223 0.034375 0.14722222222222223
2 0.962109375 0.7972222222222223 0.05390625 0.18333333333333332
2 0.33828125 0.5902777777777778 0.015625 0.09166666666666666
2 0.34765625 0.575 0.015625 0.08611111111111111
1 0.69609375 0.5861111111111111 0.1171875 0.12222222222222222
3 0.4953125 0.2972222222222222 0.11875 0.5472222222222223
3 0.07109375 0.73125 0.140625 0.3486111111111111
3 0.81875 0.43194444444444446 0.1546875 0.5166666666666667
3 0.469140625 0.8368055555555556 0.16328125 0.32083333333333336
3 0.654296875 0.38333333333333336 0.06171875 0.23333333333333334
3 0.606640625 0.36527777777777776 0.05703125 0.2361111111111111
3 0.255078125 0.7340277777777777 0.15546875 0.18194444444444444
3 0.758984375 0.3159722222222222 0.13671875 0.2708333333333333
3 0.830078125 0.49027777777777776 0.05703125 0.12222222222222222
3 0.788671875 0.23819444444444443 0.07734375 0.11527777777777778
3 0.59453125 0.6451388888888889 0.1046875 0.2375
3 0.786328125 0.2902777777777778 0.08203125 0.21944444444444444
3 0.538671875 0.32708333333333334 0.07734375 0.4041666666666667
3 0.92890625 0.34444444444444444 0.09375 0.25