2 0.208984375 0.6263888888888889 0.025 0.125
2 0.316796875 0.6229166666666667 0.023828125 0.11041666666666666
2 0.469921875 0.6479166666666667 0.0265625 0.11180555555555556
2 0.11015625 0.6722222222222223 0.037890625 0.14444444444444443
2 0.255078125 0.5756944444444444 0.014453125 0.08819444444444445
2 0.261328125 0.5854166666666667 0.016015625 0.08402777777777778
1 0.965625 0.7888888888888889 0.0375 0.08680555555555555
3 0.386328125 0.16527777777777777 0.082421875 0.12708333333333333
3 0.512109375 0.17430555555555555 0.070703125 0.1326388888888889
3 0.39296875 0.5888888888888889 0.1859375 0.21875
3 0.5796875 0.19305555555555556 0.048828125 0.11041666666666666
3 0.615234375 0.19791666666666666 0.033984375 0.10625
3 0.09609375 0.6006944444444444 0.1921875 0.24166666666666667
3 0.2015625 0.5201388888888889 0.051953125 0.075
3 0.233984375 0.18611111111111112 0.061328125 0.05555555555555555
3 0.516015625 0.5368055555555555 0.05 0.1111111111111111
3 0.5421875 0.5416666666666666 0.103125 0.12430555555555556
3 0.9109375 0.7395833333333334 0.176171875 0.33402777777777776
3 0.264453125 0.5493055555555556 0.098828125 0.1361111111111111