2 0.95546875 0.75 0.0875 0.49444444444444446
2 0.075390625 0.8708333333333333 0.11484375 0.25555555555555554
2 0.44375 0.6930555555555555 0.01875 0.1
2 0.144921875 0.7729166666666667 0.02578125 0.12361111111111112
2 0.24453125 0.7326388888888888 0.0125 0.03194444444444444
2 0.161328125 0.7659722222222223 0.01953125 0.12361111111111112
1 0.4359375 0.85 0.371875 0.19722222222222222
3 0.682421875 0.40555555555555556 0.08984375 0.2111111111111111
3 0.27734375 0.5423611111111111 0.0671875 0.24305555555555555
3 0.7546875 0.33402777777777776 0.1109375 0.2652777777777778
3 0.241015625 0.5722222222222222 0.07421875 0.2
3 0.1828125 0.5791666666666667 0.0671875 0.25555555555555554
3 0.50390625 0.5645833333333333 0.0703125 0.22361111111111112
3 0.686328125 0.7090277777777778 0.24765625 0.44583333333333336
3 0.455078125 0.5444444444444444 0.05546875 0.2722222222222222
3 0.0375 0.4986111111111111 0.075 0.25833333333333336
3 0.5390625 0.5298611111111111 0.0671875 0.2652777777777778
3 0.133984375 0.5763888888888888 0.07734375 0.2972222222222222
3 0.144921875 0.6486111111111111 0.03359375 0.15833333333333333
3 0.33359375 0.6722222222222223 0.05625 0.15833333333333333
3 0.4046875 0.5520833333333334 0.0484375 0.2625
3 0.490625 0.5270833333333333 0.0484375 0.2569444444444444
3 0.096875 0.7166666666666667 0.078125 0.1388888888888889
3 0.48984375 0.4354166666666667 0.04375 0.0763888888888889
3 0.30078125 0.6048611111111111 0.0421875 0.1125
3 0.333984375 0.5263888888888889 0.06640625 0.17222222222222222
3 0.4296875 0.5604166666666667 0.05 0.2625
3 0.10234375 0.49375 0.0953125 0.3263888888888889
3 0.36484375 0.5756944444444444 0.0671875 0.22361111111111112
3 0.11328125 0.5340277777777778 0.20625 0.4097222222222222