2 0.86171875 0.7673611111111112 0.0515625 0.3486111111111111
2 0.075 0.6277777777777778 0.040625 0.1527777777777778
2 0.459375 0.6611111111111111 0.0265625 0.15
2 0.223046875 0.65 0.03828125 0.16111111111111112
2 0.010546875 0.6118055555555556 0.02109375 0.13194444444444445
2 0.29921875 0.6625 0.03125 0.15
2 0.25234375 0.6347222222222222 0.021875 0.1111111111111111
2 0.413671875 0.6361111111111111 0.01953125 0.11944444444444445
2 0.39375 0.6409722222222223 0.021875 0.1125
2 0.321875 0.6472222222222223 0.021875 0.11388888888888889
3 0.8703125 0.6277777777777778 0.078125 0.12777777777777777
3 0.9640625 0.6604166666666667 0.065625 0.12916666666666668
3 0.131640625 0.3055555555555556 0.26328125 0.6111111111111112
3 0.912890625 0.35347222222222224 0.03828125 0.7069444444444445
3 0.7765625 0.6430555555555556 0.08125 0.10277777777777777
3 0.588671875 0.6083333333333333 0.06328125 0.1527777777777778
3 0.588671875 0.5611111111111111 0.06328125 0.05555555555555555
3 0.478515625 0.5847222222222223 0.10859375 0.14166666666666666
3 0.5015625 0.5465277777777777 0.0625 0.06527777777777778