2 0.912109375 0.5604166666666667 0.08203125 0.32083333333333336
2 0.98359375 0.5763888888888888 0.03125 0.2388888888888889
2 0.453515625 0.47847222222222224 0.02578125 0.08472222222222223
2 0.43125 0.47708333333333336 0.0140625 0.09027777777777778
2 0.4171875 0.4736111111111111 0.0234375 0.09166666666666666
2 0.914453125 0.44583333333333336 0.02109375 0.04722222222222222
3 0.751171875 0.3680555555555556 0.13359375 0.25277777777777777
3 0.95390625 0.35625 0.090625 0.20694444444444443
3 0.837109375 0.3423611111111111 0.10234375 0.20694444444444443
3 0.147265625 0.5513888888888889 0.28203125 0.4888888888888889
3 0.501953125 0.4013888888888889 0.12421875 0.17777777777777778
3 0.58984375 0.4013888888888889 0.0671875 0.17777777777777778
3 0.44296875 0.7048611111111112 0.2390625 0.32083333333333336
3 0.058984375 0.3263888888888889 0.11796875 0.44722222222222224