2 0.32734375 0.5715277777777777 0.04375 0.2125
2 0.3046875 0.5666666666666667 0.0359375 0.20555555555555555
2 0.436328125 0.5291666666666667 0.01640625 0.08333333333333333
2 0.45234375 0.5131944444444444 0.009375 0.04583333333333333
2 0.756640625 0.5222222222222223 0.01796875 0.09166666666666666
1 0.66640625 0.6430555555555556 0.3296875 0.12222222222222222
1 0.748046875 0.6645833333333333 0.49453125 0.16805555555555557
1 0.284765625 0.4888888888888889 0.29765625 0.20277777777777778
1 0.666796875 0.5708333333333333 0.33046875 0.25
3 0.171875 0.225 0.0984375 0.21388888888888888
3 0.066015625 0.3020833333333333 0.09453125 0.18194444444444444
3 0.4375 0.32013888888888886 0.071875 0.10138888888888889
3 0.965625 0.3875 0.0671875 0.25277777777777777
3 0.914453125 0.3388888888888889 0.06328125 0.14722222222222223
3 0.789453125 0.375 0.05390625 0.1638888888888889
3 0.682421875 0.4354166666666667 0.05546875 0.22361111111111112
3 0.016796875 0.28402777777777777 0.03359375 0.16527777777777777
3 0.419140625 0.48125 0.07578125 0.1125
3 0.295703125 0.3729166666666667 0.04296875 0.05138888888888889
3 0.759375 0.44930555555555557 0.0484375 0.12361111111111112
3 0.872265625 0.3784722222222222 0.06015625 0.11527777777777778
3 0.816796875 0.6673611111111111 0.36484375 0.6597222222222222
3 0.04140625 0.4215277777777778 0.0484375 0.15416666666666667
3 0.21171875 0.4284722222222222 0.078125 0.14305555555555555
3 0.8375 0.3159722222222222 0.059375 0.0763888888888889
3 0.33125 0.37916666666666665 0.0421875 0.04722222222222222
3 0.622265625 0.39305555555555555 0.05859375 0.19722222222222222
3 0.59609375 0.4097222222222222 0.0484375 0.16944444444444445
3 0.33046875 0.42083333333333334 0.04375 0.13055555555555556
3 0.835546875 0.36527777777777776 0.06328125 0.175
3 0.04296875 0.3680555555555556 0.04375 0.04722222222222222
3 0.48359375 0.3625 0.03125 0.027777777777777776
3 0.71796875 0.4263888888888889 0.03125 0.06944444444444445
3 0.295703125 0.4131944444444444 0.04296875 0.13194444444444445
3 0.7421875 0.35 0.059375 0.09722222222222222
3 0.096484375 0.38680555555555557 0.02734375 0.03194444444444444
3 0.344921875 0.46875 0.03828125 0.14027777777777778
3 0.653515625 0.4965277777777778 0.06015625 0.10138888888888889
3 0.646875 0.4166666666666667 0.059375 0.1111111111111111
3 0.74375 0.40625 0.0609375 0.20694444444444443