2 0.428515625 0.8333333333333334 0.00546875 0.019444444444444445
2 0.325390625 0.9375 0.00546875 0.019444444444444445
2 0.30703125 0.9048611111111111 0.00625 0.018055555555555554
2 0.357421875 0.8819444444444444 0.00703125 0.025
2 0.587109375 0.8416666666666667 0.00390625 0.019444444444444445
3 0.5203125 0.7097222222222223 0.0421875 0.12222222222222222
3 0.741015625 0.9131944444444444 0.04609375 0.1375
3 0.6375 0.6715277777777777 0.0390625 0.1875
3 0.392578125 0.7423611111111111 0.04921875 0.1486111111111111
3 0.705078125 0.9138888888888889 0.04453125 0.13333333333333333
3 0.416796875 0.53125 0.02265625 0.07916666666666666
3 0.598828125 0.9201388888888888 0.04140625 0.12083333333333333
3 0.43671875 0.5222222222222223 0.0265625 0.09166666666666666
3 0.422265625 0.7888888888888889 0.02578125 0.06388888888888888
3 0.32578125 0.7229166666666667 0.053125 0.2125
3 0.85390625 0.8826388888888889 0.0375 0.10138888888888889
3 0.112890625 0.8458333333333333 0.05390625 0.225
3 0.8 0.9069444444444444 0.0421875 0.12777777777777777
3 0.562109375 0.93125 0.04609375 0.12916666666666668
3 0.944140625 0.8402777777777778 0.10859375 0.19166666666666668
3 0.483984375 0.7541666666666667 0.02890625 0.09166666666666666
3 0.622265625 0.49236111111111114 0.02265625 0.08472222222222223
3 0.36640625 0.9798611111111111 0.0375 0.0375
3 0.721875 0.49722222222222223 0.0234375 0.075
3 0.363671875 0.5409722222222222 0.02578125 0.07916666666666666
3 0.545703125 0.5361111111111111 0.01484375 0.08333333333333333
3 0.452734375 0.4638888888888889 0.02421875 0.05555555555555555
3 0.115625 0.5701388888888889 0.040625 0.07916666666666666
3 0.440234375 0.6527777777777778 0.01796875 0.06944444444444445
3 0.35 0.7472222222222222 0.0328125 0.14444444444444443
3 0.704296875 0.4930555555555556 0.02421875 0.08055555555555556
3 0.512109375 0.9638888888888889 0.05078125 0.06944444444444445
3 0.7875 0.6305555555555555 0.2359375 0.25277777777777777
3 0.555078125 0.5305555555555556 0.01484375 0.06111111111111111
3 0.869921875 0.6479166666666667 0.06015625 0.16805555555555557
3 0.64140625 0.49027777777777776 0.0234375 0.075
3 0.11796875 0.6520833333333333 0.028125 0.08194444444444444
3 0.09765625 0.8506944444444444 0.1125 0.2652777777777778
3 0.328515625 0.5388888888888889 0.02265625 0.08333333333333333
3 0.50546875 0.7881944444444444 0.0171875 0.05138888888888889
3 0.83046875 0.8923611111111112 0.034375 0.08472222222222223
3 0.703515625 0.6986111111111111 0.03359375 0.11944444444444445
3 0.446484375 0.9597222222222223 0.05390625 0.075
3 0.117578125 0.6069444444444444 0.04453125 0.1527777777777778
3 0.916015625 0.8819444444444444 0.03828125 0.10555555555555556
3 0.683203125 0.7041666666666667 0.02421875 0.11388888888888889
3 0.3984375 0.9673611111111111 0.0390625 0.0625
3 0.74296875 0.6625 0.1375 0.18333333333333332
3 0.345703125 0.5409722222222222 0.02109375 0.08472222222222223
3 0.315625 0.6618055555555555 0.1140625 0.3347222222222222
3 0.310546875 0.5423611111111111 0.02265625 0.07916666666666666
0 0.765625 0.8659722222222223 0.0265625 0.02638888888888889
0 0.1625 0.8465277777777778 0.0140625 0.029166666666666667
0 0.091015625 0.5340277777777778 0.01015625 0.0125
0 0.485546875 0.8166666666666667 0.03203125 0.03333333333333333
0 0.9421875 0.6805555555555556 0.0234375 0.022222222222222223
0 0.13984375 0.5284722222222222 0.0078125 0.0125
0 0.078125 0.6069444444444444 0.0109375 0.013888888888888888
0 0.087890625 0.6506944444444445 0.01171875 0.018055555555555554
0 0.161328125 0.9388888888888889 0.02265625 0.03611111111111111
0 0.21796875 0.8777777777777778 0.0140625 0.030555555555555555
0 0.63671875 0.9513888888888888 0.021875 0.03333333333333333
0 0.232421875 0.9861111111111112 0.01953125 0.025
0 0.971484375 0.7180555555555556 0.02890625 0.022222222222222223
0 0.912890625 0.6729166666666667 0.01328125 0.020833333333333332
0 0.208984375 0.7902777777777777 0.01328125 0.025
0 0.20078125 0.9513888888888888 0.0125 0.03958333333333333
0 0.227734375 0.9534722222222223 0.01640625 0.03125
0 0.21953125 0.9125 0.016015625 0.03263888888888889
0 0.205859375 0.9888888888888889 0.012109375 0.021527777777777778
0 0.21171875 0.6895833333333333 0.01015625 0.016666666666666666
0 0.06484375 0.7048611111111112 0.01171875 0.016666666666666666
0 0.087109375 0.6923611111111111 0.013671875 0.021527777777777778
0 0.17265625 0.5895833333333333 0.006640625 0.011805555555555555
0 0.153515625 0.5555555555555556 0.008203125 0.01875
0 0.16875 0.5555555555555556 0.00703125 0.013194444444444444
0 0.13984375 0.5506944444444445 0.00859375 0.014583333333333334
0 0.067578125 0.5409722222222222 0.00859375 0.013888888888888888