2 0.571484375 0.6277777777777778 0.01171875 0.058333333333333334
2 0.887109375 0.6423611111111112 0.01328125 0.04583333333333333
1 0.098046875 0.8833333333333333 0.04140625 0.22777777777777777
1 0.49921875 0.8652777777777778 0.9953125 0.2638888888888889
1 0.821875 0.8777777777777778 0.0671875 0.2388888888888889
1 0.359375 0.8402777777777778 0.05 0.26666666666666666
1 0.349609375 0.8520833333333333 0.09921875 0.2902777777777778
1 0.591796875 0.8472222222222222 0.06015625 0.2972222222222222
1 0.49921875 0.9354166666666667 0.9984375 0.12361111111111112
3 0.684375 0.4270833333333333 0.0921875 0.3236111111111111
3 0.60859375 0.42777777777777776 0.0921875 0.2
3 0.398828125 0.7194444444444444 0.14765625 0.3611111111111111
3 0.764453125 0.4527777777777778 0.09765625 0.3611111111111111
3 0.642578125 0.6965277777777777 0.11796875 0.44583333333333336
3 0.80859375 0.5173611111111112 0.0859375 0.23472222222222222
3 0.104296875 0.6090277777777777 0.19453125 0.5319444444444444
3 0.862109375 0.37222222222222223 0.11015625 0.16666666666666666
3 0.93125 0.5368055555555555 0.1203125 0.24027777777777778
3 0.96484375 0.4756944444444444 0.06875 0.35694444444444445
3 0.383203125 0.4548611111111111 0.44140625 0.9097222222222222
3 0.862109375 0.4618055555555556 0.11015625 0.3458333333333333
3 0.239453125 0.29444444444444445 0.14453125 0.5888888888888889
3 0.903515625 0.5659722222222222 0.06328125 0.1736111111111111