2 0.558203125 0.6104166666666667 0.01484375 0.05694444444444444
2 0.61171875 0.6194444444444445 0.0171875 0.06111111111111111
1 0.2109375 0.90625 0.040625 0.18194444444444444
1 0.455078125 0.86875 0.03203125 0.2569444444444444
1 0.953125 0.8791666666666667 0.0546875 0.2361111111111111
1 0.701953125 0.88125 0.03828125 0.22916666666666666
1 0.49921875 0.8729166666666667 0.9953125 0.24583333333333332
1 0.49921875 0.9555555555555556 0.9984375 0.08333333333333333
1 0.008984375 0.8354166666666667 0.01796875 0.15416666666666667
3 0.86484375 0.4131944444444444 0.1140625 0.38472222222222224
3 0.77578125 0.4125 0.1 0.36666666666666664
3 0.695703125 0.4131944444444444 0.09765625 0.20972222222222223
3 0.955859375 0.4125 0.08671875 0.37777777777777777
3 0.490625 0.7402777777777778 0.1484375 0.35555555555555557
3 0.9203125 0.47291666666666665 0.0984375 0.24861111111111112
3 0.744140625 0.6875 0.12109375 0.48055555555555557
3 0.212109375 0.6659722222222222 0.18828125 0.5013888888888889
3 0.076171875 0.35347222222222224 0.15234375 0.7069444444444445
3 0.334375 0.3138888888888889 0.14375 0.625
3 0.481640625 0.45902777777777776 0.43359375 0.9180555555555555
3 0.955859375 0.2965277777777778 0.08671875 0.14583333333333334
3 0.736328125 0.5111111111111111 0.04921875 0.12777777777777777
3 0.633203125 0.3840277777777778 0.09296875 0.3958333333333333
3 0.16953125 0.4048611111111111 0.225 0.5319444444444444