3 0.75859375 0.5402777777777777 0.48125 0.9111111111111111
2 0.951171875 0.8201388888888889 0.02734375 0.10416666666666667
2 0.618359375 0.8048611111111111 0.01171875 0.034722222222222224
2 0.6515625 0.8006944444444445 0.0203125 0.05694444444444444
2 0.767578125 0.8111111111111111 0.01796875 0.08055555555555556
2 0.707421875 0.8208333333333333 0.02109375 0.07777777777777778
2 0.684765625 0.8013888888888889 0.01171875 0.03888888888888889
3 0.2578125 0.9451388888888889 0.11875 0.10416666666666667
3 0.21328125 0.4583333333333333 0.4265625 0.9166666666666666
3 0.38828125 0.8166666666666667 0.0375 0.06944444444444445
3 0.28125 0.7729166666666667 0.0875 0.16805555555555557
3 0.569140625 0.8625 0.06328125 0.16666666666666666
3 0.478515625 0.8506944444444444 0.05859375 0.14583333333333334
3 0.719140625 0.125 0.28984375 0.25
3 0.920703125 0.925 0.10390625 0.14444444444444443
3 0.331640625 0.8208333333333333 0.05078125 0.08055555555555556
3 0.191796875 0.7701388888888889 0.06015625 0.1736111111111111
3 0.519140625 0.8381944444444445 0.02421875 0.0375
3 0.65859375 0.8777777777777778 0.08125 0.14166666666666666