2 0.062109375 0.5958333333333333 0.12421875 0.6027777777777777
2 0.16953125 0.5270833333333333 0.0609375 0.2513888888888889
2 0.13046875 0.4888888888888889 0.034375 0.19444444444444445
2 0.21171875 0.5256944444444445 0.0578125 0.25416666666666665
2 0.327734375 0.48125 0.01796875 0.09583333333333334
3 0.9328125 0.7138888888888889 0.1171875 0.1361111111111111
3 0.819140625 0.7263888888888889 0.06328125 0.10833333333333334
3 0.46953125 0.41944444444444445 0.05625 0.1527777777777778
3 0.698046875 0.6506944444444445 0.01953125 0.07083333333333333
3 0.558203125 0.5201388888888889 0.02109375 0.13194444444444445
3 0.691015625 0.4930555555555556 0.04921875 0.20277777777777778