2 0.369921875 0.5895833333333333 0.0078125 0.021527777777777778
2 0.030859375 0.8527777777777777 0.008203125 0.029861111111111113
2 0.482421875 0.6395833333333333 0.004296875 0.022222222222222223
2 0.529296875 0.5736111111111111 0.005078125 0.021527777777777778
2 0.344921875 0.5215277777777778 0.005859375 0.02013888888888889
2 0.366015625 0.6368055555555555 0.0109375 0.03263888888888889
2 0.357421875 0.6381944444444444 0.007421875 0.02847222222222222
2 0.592578125 0.4979166666666667 0.004296875 0.022222222222222223
2 0.232421875 0.9423611111111111 0.005078125 0.02847222222222222
2 0.273046875 0.89375 0.007421875 0.02013888888888889
2 0.351171875 0.6354166666666666 0.005078125 0.022916666666666665
3 0.653125 0.3854166666666667 0.064453125 0.10486111111111111
3 0.463671875 0.19791666666666666 0.037109375 0.09166666666666666
3 0.611328125 0.3861111111111111 0.0328125 0.09444444444444444
3 0.55546875 0.5590277777777778 0.0265625 0.06180555555555556
3 0.730078125 0.12291666666666666 0.033203125 0.06319444444444444
3 0.357421875 0.22291666666666668 0.025 0.07708333333333334
3 0.520703125 0.2125 0.076171875 0.10069444444444445
3 0.30234375 0.22013888888888888 0.033984375 0.07013888888888889
3 0.438671875 0.7944444444444444 0.029296875 0.08888888888888889
3 0.417578125 0.17777777777777778 0.064453125 0.08680555555555555
3 0.574609375 0.08263888888888889 0.028125 0.05277777777777778
3 0.36796875 0.24097222222222223 0.019140625 0.05486111111111111
3 0.011328125 0.2361111111111111 0.022265625 0.08333333333333333
3 0.409765625 0.7472222222222222 0.030078125 0.10347222222222222
3 0.7 0.08819444444444445 0.040625 0.08402777777777778
3 0.31796875 0.24097222222222223 0.0359375 0.06388888888888888
3 0.770703125 0.05555555555555555 0.026953125 0.06458333333333334
3 0.517578125 0.10972222222222222 0.085546875 0.09375
3 0.544921875 0.6715277777777777 0.0265625 0.050694444444444445
3 0.735546875 0.05486111111111111 0.033984375 0.059027777777777776
3 0.596484375 0.23819444444444443 0.040625 0.09722222222222222
3 0.447265625 0.7222222222222222 0.016015625 0.04097222222222222
3 0.409765625 0.8319444444444445 0.030859375 0.11944444444444445
3 0.519140625 0.61875 0.013671875 0.034027777777777775
3 0.719921875 0.09930555555555555 0.0890625 0.11180555555555556
3 0.572265625 0.63125 0.015625 0.034027777777777775
3 0.62265625 0.2548611111111111 0.099609375 0.13541666666666666
3 0.494140625 0.21458333333333332 0.030078125 0.07291666666666667
3 0.068359375 0.22847222222222222 0.034765625 0.07708333333333334
0 0.050390625 0.19166666666666668 0.021484375 0.01875
0 0.039453125 0.20902777777777778 0.025390625 0.021527777777777778