2 0.082421875 0.7993055555555556 0.006640625 0.019444444444444445
1 0.38515625 0.47430555555555554 0.093359375 0.08402777777777778
1 0.416015625 0.6618055555555555 0.107421875 0.1076388888888889
1 0.114453125 0.9319444444444445 0.019921875 0.03819444444444445
1 0.916796875 0.15902777777777777 0.0453125 0.11180555555555556
3 0.104296875 0.6590277777777778 0.0578125 0.1388888888888889
3 0.197265625 0.7479166666666667 0.061328125 0.14791666666666667
3 0.319921875 0.41458333333333336 0.022265625 0.08055555555555556
3 0.590625 0.45625 0.044921875 0.16319444444444445
3 0.645703125 0.48819444444444443 0.04375 0.14930555555555555
3 0.397265625 0.28958333333333336 0.033203125 0.11736111111111111
3 0.2109375 0.5020833333333333 0.03125 0.0798611111111111
3 0.423828125 0.29791666666666666 0.033984375 0.14166666666666666
3 0.74375 0.5819444444444445 0.05 0.15833333333333333
3 0.802734375 0.6479166666666667 0.045703125 0.15555555555555556
3 0.398046875 0.9541666666666667 0.0734375 0.08819444444444445
3 0.344140625 0.24722222222222223 0.034765625 0.1
3 0.251953125 0.22847222222222222 0.037109375 0.125
3 0.211328125 0.2638888888888889 0.0375 0.09791666666666667
3 0.76640625 0.6354166666666666 0.0453125 0.11458333333333333
3 0.151953125 0.3368055555555556 0.039453125 0.09513888888888888
3 0.707421875 0.51875 0.046484375 0.10347222222222222
3 0.344140625 0.91875 0.065234375 0.15625
3 0.0734375 0.3923611111111111 0.05625 0.09097222222222222
3 0.841015625 0.6479166666666667 0.05625 0.09375
3 0.67734375 0.5020833333333333 0.043359375 0.1076388888888889
3 0.86484375 0.8284722222222223 0.058984375 0.11736111111111111
3 0.047265625 0.7180555555555556 0.040234375 0.08263888888888889
3 0.196875 0.8944444444444445 0.073828125 0.15902777777777777
3 0.036328125 0.6541666666666667 0.048046875 0.075
3 0.979296875 0.4909722222222222 0.040625 0.16875
3 0.360546875 0.6270833333333333 0.034765625 0.06736111111111111
3 0.026171875 0.4375 0.051171875 0.08402777777777778
3 0.181640625 0.1076388888888889 0.030078125 0.05763888888888889
3 0.13984375 0.58125 0.022265625 0.03680555555555556
3 0.63203125 0.17291666666666666 0.0828125 0.11388888888888889
3 0.01875 0.5375 0.0375 0.13402777777777777
3 0.583984375 0.06458333333333334 0.053515625 0.10555555555555556
3 0.5484375 0.3215277777777778 0.023046875 0.06319444444444444
3 0.166796875 0.28194444444444444 0.051953125 0.14166666666666666
3 0.506640625 0.5083333333333333 0.030859375 0.05347222222222222
3 0.141796875 0.019444444444444445 0.021875 0.03888888888888889
3 0.646875 0.17291666666666666 0.040625 0.1076388888888889
3 0.53203125 0.46597222222222223 0.0234375 0.06736111111111111
3 0.273828125 0.8881944444444444 0.050390625 0.09375
3 0.56640625 0.20902777777777778 0.0171875 0.04236111111111111
3 0.24375 0.46597222222222223 0.026171875 0.06111111111111111
3 0.20546875 0.15208333333333332 0.043359375 0.09166666666666666
3 0.305859375 0.18958333333333333 0.033203125 0.06111111111111111
3 0.5328125 0.39861111111111114 0.025 0.06597222222222222
3 0.46484375 0.09861111111111111 0.0140625 0.034027777777777775
3 0.82578125 0.75 0.0515625 0.1111111111111111
3 0.594140625 0.08263888888888889 0.033984375 0.07430555555555556
3 0.325390625 0.22916666666666666 0.03125 0.10069444444444445
3 0.13984375 0.26666666666666666 0.031640625 0.059027777777777776
3 0.042578125 0.4326388888888889 0.0375 0.12152777777777778
3 0.504296875 0.1638888888888889 0.066015625 0.08333333333333333
3 0.7921875 0.8423611111111111 0.069921875 0.1284722222222222
3 0.467578125 0.5152777777777777 0.029296875 0.04375
3 0.44296875 0.5402777777777777 0.0265625 0.041666666666666664
3 0.278515625 0.20069444444444445 0.0359375 0.125
3 0.28125 0.4618055555555556 0.026171875 0.05277777777777778
3 0.127734375 0.42430555555555555 0.021875 0.04722222222222222
3 0.726953125 0.9368055555555556 0.067578125 0.12291666666666666
3 0.951171875 0.6270833333333333 0.038671875 0.06875
3 0.55 0.5284722222222222 0.026171875 0.04652777777777778
3 0.31875 0.7319444444444444 0.028125 0.058333333333333334
3 0.937890625 0.5381944444444444 0.0390625 0.07569444444444444
3 0.258203125 0.7145833333333333 0.032421875 0.059027777777777776
3 0.32109375 0.5944444444444444 0.034765625 0.05555555555555555
3 0.11875 0.14097222222222222 0.036328125 0.11944444444444445
3 0.027734375 0.23819444444444443 0.017578125 0.04236111111111111
3 0.114453125 0.3576388888888889 0.037109375 0.13055555555555556
3 0.727734375 0.8881944444444444 0.201171875 0.22013888888888888
3 0.346875 0.7090277777777778 0.023828125 0.05555555555555555
3 0.053125 0.6069444444444444 0.029296875 0.050694444444444445
3 0.551953125 0.4479166666666667 0.028515625 0.10208333333333333
3 0.212890625 0.06736111111111111 0.025390625 0.05763888888888889
3 0.913671875 0.6930555555555555 0.0390625 0.10486111111111111
3 0.246484375 0.6006944444444444 0.025 0.09652777777777778
3 0.294921875 0.9048611111111111 0.280078125 0.18680555555555556
3 0.30625 0.21875 0.035546875 0.11736111111111111
3 0.532421875 0.43333333333333335 0.025390625 0.13333333333333333
3 0.49140625 0.4548611111111111 0.021484375 0.10902777777777778
3 0.0921875 0.38125 0.04375 0.13402777777777777
3 0.223046875 0.2326388888888889 0.031640625 0.12777777777777777
3 0.757421875 0.8833333333333333 0.0640625 0.13333333333333333
0 0.85703125 0.9854166666666667 0.0328125 0.027083333333333334
0 0.017578125 0.8444444444444444 0.029296875 0.04236111111111111
0 0.067578125 0.2013888888888889 0.01875 0.022916666666666665
0 0.8765625 0.9444444444444444 0.032421875 0.05555555555555555
0 0.949609375 0.9326388888888889 0.028515625 0.04791666666666667
0 0.143359375 0.12708333333333333 0.015625 0.02013888888888889
0 0.95625 0.7701388888888889 0.032421875 0.044444444444444446
0 0.143359375 0.20208333333333334 0.017578125 0.019444444444444445
0 0.0234375 0.3402777777777778 0.020703125 0.025
0 0.080078125 0.26875 0.022265625 0.017361111111111112
0 0.919921875 0.8576388888888888 0.028515625 0.04513888888888889
0 0.903125 0.8979166666666667 0.030078125 0.050694444444444445
0 0.244921875 0.10833333333333334 0.010546875 0.016666666666666666
0 0.010546875 0.37569444444444444 0.01875 0.016666666666666666
0 0.984375 0.9430555555555555 0.030078125 0.05486111111111111
0 0.184375 0.17777777777777778 0.016796875 0.02013888888888889
0 0.162109375 0.12222222222222222 0.012890625 0.01875
0 0.030859375 0.7520833333333333 0.0234375 0.035416666666666666
0 0.053125 0.23819444444444443 0.01875 0.022222222222222223
0 0.98828125 0.8506944444444444 0.022265625 0.052083333333333336
0 0.973046875 0.7423611111111111 0.041015625 0.04513888888888889
0 0.2828125 0.05347222222222222 0.013671875 0.013194444444444444
0 0.178125 0.16597222222222222 0.010546875 0.016666666666666666
0 0.05859375 0.3527777777777778 0.025390625 0.025694444444444443
0 0.903515625 0.8354166666666667 0.017578125 0.01875
0 0.055078125 0.32569444444444445 0.021484375 0.025694444444444443
0 0.984765625 0.7125 0.029296875 0.050694444444444445
0 0.872265625 0.6923611111111111 0.028515625 0.04375
0 0.011328125 0.7208333333333333 0.022265625 0.041666666666666664
0 0.923828125 0.9138888888888889 0.030078125 0.06458333333333334
0 0.198828125 0.07569444444444444 0.015625 0.019444444444444445
0 0.305859375 0.9465277777777777 0.034375 0.050694444444444445
1 0.319140625 0.5652777777777778 0.062109375 0.04583333333333333
1 0.56484375 0.15625 0.069140625 0.06388888888888888