2 0.3375 0.7479166666666667 0.0875 0.5013888888888889
2 0.208984375 0.7381944444444445 0.14296875 0.5208333333333334
2 0.133203125 0.7479166666666667 0.09609375 0.5013888888888889
2 0.060546875 0.7833333333333333 0.12109375 0.4305555555555556
3 0.4328125 0.30277777777777776 0.2671875 0.6055555555555555
3 0.182421875 0.2701388888888889 0.36171875 0.5402777777777777
3 0.740234375 0.3104166666666667 0.18046875 0.6208333333333333
3 0.726953125 0.34930555555555554 0.15078125 0.6986111111111111
3 0.3890625 0.6041666666666666 0.0640625 0.15833333333333333
3 0.48203125 0.3458333333333333 0.51015625 0.6916666666666667
3 0.128515625 0.2652777777777778 0.08828125 0.5305555555555556