3 0.478125 0.4340277777777778 0.2984375 0.8680555555555556
2 0.621484375 0.6194444444444445 0.02421875 0.1361111111111111
2 0.76953125 0.6201388888888889 0.025 0.12361111111111112
2 0.803125 0.6138888888888889 0.0203125 0.09166666666666666
2 0.39609375 0.6111111111111112 0.021875 0.09444444444444444
2 0.491015625 0.5826388888888889 0.02109375 0.08194444444444444
2 0.205859375 0.5791666666666667 0.03203125 0.06666666666666667
3 0.264453125 0.41944444444444445 0.05546875 0.225
3 0.164453125 0.4340277777777778 0.06953125 0.22361111111111112
3 0.1015625 0.4111111111111111 0.109375 0.37777777777777777
3 0.217578125 0.44027777777777777 0.06640625 0.19444444444444445
3 0.317578125 0.4486111111111111 0.05703125 0.23333333333333334
3 0.037109375 0.37083333333333335 0.06640625 0.25
3 0.36640625 0.40069444444444446 0.0765625 0.8013888888888889
3 0.85859375 0.8013888888888889 0.25625 0.39166666666666666
3 0.458984375 0.4354166666666667 0.10703125 0.8680555555555556
3 0.41015625 0.4375 0.05 0.2611111111111111
3 0.294921875 0.4444444444444444 0.02890625 0.17222222222222222
3 0.1953125 0.4388888888888889 0.034375 0.18611111111111112
3 0.018359375 0.41180555555555554 0.03671875 0.14305555555555555
3 0.45078125 0.3680555555555556 0.1234375 0.4027777777777778