1 0.15546875 0.2798611111111111 0.065234375 0.05555555555555555
3 0.096484375 0.7409722222222223 0.084765625 0.19652777777777777
3 0.373828125 0.3506944444444444 0.030859375 0.09722222222222222
3 0.671484375 0.5430555555555555 0.034765625 0.08263888888888889
3 0.304296875 0.4340277777777778 0.025390625 0.08055555555555556
3 0.21171875 0.7006944444444444 0.0484375 0.07847222222222222
3 0.198046875 0.23541666666666666 0.049609375 0.07222222222222222
3 0.523828125 0.22430555555555556 0.027734375 0.07708333333333334
3 0.680078125 0.7256944444444444 0.042578125 0.10833333333333334
3 0.933984375 0.3611111111111111 0.0140625 0.03125
3 0.498046875 0.5236111111111111 0.0234375 0.07847222222222222
3 0.777734375 0.8902777777777777 0.038671875 0.07291666666666667
3 0.523046875 0.5506944444444445 0.030078125 0.08819444444444445
3 0.54765625 0.058333333333333334 0.0265625 0.08680555555555555
3 0.519140625 0.05763888888888889 0.021484375 0.052083333333333336
3 0.102734375 0.22430555555555556 0.0625 0.07291666666666667
3 0.3546875 0.9451388888888889 0.041796875 0.09375
3 0.026953125 0.50625 0.037109375 0.09930555555555555
3 0.298828125 0.6229166666666667 0.0390625 0.16111111111111112
3 0.73359375 0.4201388888888889 0.031640625 0.06875
3 0.744140625 0.6263888888888889 0.036328125 0.07708333333333334
3 0.527734375 0.6826388888888889 0.0359375 0.11319444444444444
3 0.053125 0.4548611111111111 0.033203125 0.08611111111111111
3 0.42109375 0.8090277777777778 0.044140625 0.06875
3 0.90390625 0.6215277777777778 0.055859375 0.11180555555555556
3 0.492578125 0.25972222222222224 0.021875 0.04513888888888889
3 0.638671875 0.7743055555555556 0.024609375 0.05486111111111111
3 0.2703125 0.2326388888888889 0.0375 0.08402777777777778
3 0.8078125 0.24097222222222223 0.030078125 0.07847222222222222
3 0.59765625 0.8430555555555556 0.0921875 0.16597222222222222
3 0.264453125 0.5451388888888888 0.04375 0.11597222222222223
3 0.778515625 0.22569444444444445 0.0328125 0.07777777777777778
3 0.678125 0.6284722222222222 0.039453125 0.09375
3 0.483984375 0.6798611111111111 0.034375 0.17430555555555555
3 0.838671875 0.7736111111111111 0.034765625 0.06597222222222222
3 0.084375 0.03819444444444445 0.01875 0.05
3 0.449609375 0.47291666666666665 0.017578125 0.08680555555555555
3 0.498828125 0.8569444444444444 0.028125 0.06041666666666667
3 0.4671875 0.8513888888888889 0.034375 0.07291666666666667
3 0.566015625 0.74375 0.034375 0.19791666666666666
3 0.31328125 0.9298611111111111 0.0578125 0.09097222222222222
3 0.47421875 0.5201388888888889 0.019140625 0.07847222222222222
3 0.50859375 0.3451388888888889 0.021484375 0.05277777777777778
3 0.2625 0.6763888888888889 0.040625 0.08402777777777778
3 0.552734375 0.20625 0.026171875 0.10208333333333333
3 0.78359375 0.3472222222222222 0.0328125 0.08888888888888889
3 0.216796875 0.8555555555555555 0.021875 0.06458333333333334
3 0.710546875 0.18125 0.0234375 0.0798611111111111
3 0.356640625 0.6118055555555556 0.032421875 0.11458333333333333
3 0.5671875 0.6243055555555556 0.023046875 0.05347222222222222
3 0.041796875 0.07430555555555556 0.030859375 0.04375
3 0.419140625 0.6263888888888889 0.027734375 0.09722222222222222
3 0.440625 0.6298611111111111 0.035546875 0.09444444444444444
3 0.761328125 0.37569444444444444 0.028515625 0.06319444444444444
3 0.680078125 0.15069444444444444 0.022265625 0.06875
3 0.42578125 0.9763888888888889 0.0421875 0.04513888888888889
3 0.80859375 0.7875 0.131640625 0.27708333333333335
3 0.725390625 0.18333333333333332 0.024609375 0.05763888888888889
3 0.263671875 0.4534722222222222 0.027734375 0.07430555555555556
3 0.569921875 0.5020833333333333 0.021875 0.05347222222222222
3 0.623828125 0.5131944444444444 0.023828125 0.04791666666666667
3 0.504296875 0.7041666666666667 0.03125 0.16180555555555556
3 0.5984375 0.6993055555555555 0.098046875 0.20833333333333334
3 0.9703125 0.4701388888888889 0.039453125 0.08055555555555556
3 0.394140625 0.6222222222222222 0.0328125 0.09791666666666667
3 0.627734375 0.8625 0.032421875 0.08611111111111111
3 0.28359375 0.44930555555555557 0.0296875 0.09375
3 0.060546875 0.47291666666666665 0.048828125 0.12291666666666666
3 0.84609375 0.34930555555555554 0.037890625 0.08263888888888889
3 0.112890625 0.81875 0.023046875 0.06111111111111111
3 0.55390625 0.34375 0.0234375 0.050694444444444445
3 0.116796875 0.6201388888888889 0.064453125 0.09444444444444444
3 0.5296875 0.38472222222222224 0.01875 0.034027777777777775
3 0.865234375 0.8805555555555555 0.027734375 0.05763888888888889
3 0.175390625 0.32916666666666666 0.040234375 0.06388888888888888
3 0.649609375 0.48194444444444445 0.0234375 0.041666666666666664
3 0.941796875 0.5659722222222222 0.050390625 0.12291666666666666
3 0.776171875 0.8159722222222222 0.055859375 0.10555555555555556
3 0.24375 0.1909722222222222 0.0375 0.06944444444444445
3 0.662890625 0.4479166666666667 0.0140625 0.05625
3 0.45859375 0.6923611111111111 0.031640625 0.11458333333333333
3 0.354296875 0.38958333333333334 0.030078125 0.1076388888888889
3 0.491796875 0.39305555555555555 0.01875 0.04722222222222222
3 0.018359375 0.3972222222222222 0.03671875 0.08055555555555556
3 0.33828125 0.5916666666666667 0.037890625 0.13541666666666666
3 0.391015625 0.4361111111111111 0.018359375 0.04236111111111111
3 0.777734375 0.44375 0.0265625 0.075
3 0.90078125 0.8840277777777777 0.043359375 0.08541666666666667
3 0.229296875 0.5111111111111111 0.037890625 0.12777777777777777
3 0.360546875 0.5055555555555555 0.052734375 0.06458333333333334
3 0.58984375 0.4326388888888889 0.024609375 0.04513888888888889
3 0.018359375 0.9763888888888889 0.03671875 0.044444444444444446
3 0.567578125 0.6909722222222222 0.037109375 0.09513888888888888
0 0.1609375 0.8118055555555556 0.026953125 0.02847222222222222
0 0.175 0.9652777777777778 0.020703125 0.030555555555555555
0 0.388671875 0.9194444444444444 0.027734375 0.03125
0 0.869140625 0.5645833333333333 0.0171875 0.030555555555555555
0 0.231640625 0.8145833333333333 0.023046875 0.024305555555555556
0 0.26015625 0.9847222222222223 0.0328125 0.02847222222222222
0 0.780078125 0.6465277777777778 0.0171875 0.029861111111111113
0 0.937890625 0.46458333333333335 0.022265625 0.021527777777777778
0 0.725390625 0.8520833333333333 0.016015625 0.035416666666666666
0 0.403515625 0.89375 0.023828125 0.025694444444444443
0 0.8140625 0.4888888888888889 0.028125 0.052083333333333336
0 0.09453125 0.8847222222222222 0.0265625 0.030555555555555555
0 0.896875 0.5840277777777778 0.017578125 0.025694444444444443
0 0.962890625 0.4847222222222222 0.0125 0.027083333333333334
0 0.882421875 0.6118055555555556 0.0109375 0.03263888888888889
0 0.738671875 0.4909722222222222 0.0234375 0.03125
0 0.015234375 0.86875 0.026171875 0.025
0 0.540625 0.9916666666666667 0.030078125 0.014583333333333334
0 0.25390625 0.8881944444444444 0.016015625 0.035416666666666666
0 0.55078125 0.9715277777777778 0.0328125 0.025694444444444443
1 0.596484375 0.4041666666666667 0.050390625 0.0625
1 0.4734375 0.4340277777777778 0.05390625 0.058333333333333334