2 0.23515625 0.5347222222222222 0.0515625 0.2
2 0.28203125 0.54375 0.0375 0.1625
2 0.3640625 0.5055555555555555 0.0453125 0.2
2 0.40546875 0.4777777777777778 0.028125 0.1361111111111111
2 0.505078125 0.4597222222222222 0.02578125 0.10833333333333334
2 0.436328125 0.47638888888888886 0.02421875 0.13333333333333333
2 0.543359375 0.45625 0.01796875 0.10138888888888889
2 0.46171875 0.47430555555555554 0.015625 0.0875
3 0.27578125 0.3194444444444444 0.18125 0.6388888888888888
3 0.065234375 0.3020833333333333 0.13046875 0.6041666666666666
3 0.771875 0.4979166666666667 0.0828125 0.27361111111111114
3 0.576171875 0.32083333333333336 0.3671875 0.6416666666666667