2 0.782421875 0.6041666666666666 0.04765625 0.23055555555555557
2 0.890625 0.5833333333333334 0.0453125 0.16666666666666666
2 0.709375 0.5548611111111111 0.0234375 0.10416666666666667
2 0.941796875 0.6298611111111111 0.03515625 0.08194444444444444
2 0.873046875 0.5611111111111111 0.01328125 0.12222222222222222
2 0.554296875 0.5270833333333333 0.01484375 0.059722222222222225
3 0.1515625 0.43125 0.296875 0.4041666666666667
3 0.70390625 0.42569444444444443 0.0671875 0.1597222222222222
3 0.81484375 0.46041666666666664 0.1 0.1625
3 0.40859375 0.58125 0.21875 0.5041666666666667
3 0.64453125 0.45902777777777776 0.1015625 0.1763888888888889
3 0.91796875 0.12013888888888889 0.0703125 0.05416666666666667
3 0.055078125 0.6284722222222222 0.11015625 0.1625
3 0.06640625 0.4111111111111111 0.1296875 0.30277777777777776
3 0.90703125 0.15208333333333332 0.09375 0.11805555555555555
3 0.5234375 0.46319444444444446 0.0390625 0.15138888888888888