2 0.082421875 0.6333333333333333 0.01015625 0.05
2 0.46015625 0.63125 0.0109375 0.0375
2 0.7125 0.6201388888888889 0.009375 0.05416666666666667
2 0.794140625 0.6506944444444445 0.02109375 0.07083333333333333
1 0.673828125 0.6986111111111111 0.64921875 0.5944444444444444
1 0.755078125 0.8798611111111111 0.04765625 0.23194444444444445
1 0.665234375 0.8555555555555555 0.02109375 0.16666666666666666
3 0.166015625 0.3451388888888889 0.33203125 0.6902777777777778
3 0.776953125 0.46805555555555556 0.23359375 0.3888888888888889
3 0.581640625 0.46458333333333335 0.26796875 0.5041666666666667
3 0.364453125 0.47152777777777777 0.16953125 0.4236111111111111
3 0.9546875 0.5763888888888888 0.0875 0.16944444444444445
3 0.703125 0.46805555555555556 0.10625 0.3638888888888889
0 0.736328125 0.6375 0.01171875 0.022222222222222223