3 0.8640625 0.7895833333333333 0.259375 0.4152777777777778
3 0.830859375 0.5888888888888889 0.33515625 0.8111111111111111
2 0.346875 0.89375 0.0734375 0.20972222222222223
2 0.688671875 0.75625 0.03359375 0.1875
2 0.621875 0.7993055555555556 0.03125 0.1375
2 0.4015625 0.9131944444444444 0.0359375 0.1375
3 0.523828125 0.7388888888888889 0.15859375 0.3194444444444444
3 0.18828125 0.6958333333333333 0.1625 0.5555555555555556
3 0.25234375 0.4263888888888889 0.2 0.35
3 0.4234375 0.7402777777777778 0.0890625 0.15833333333333333
3 0.287109375 0.8652777777777778 0.07109375 0.17222222222222222
3 0.633984375 0.6618055555555555 0.06796875 0.12083333333333333
3 0.290625 0.7361111111111112 0.040625 0.10555555555555556
3 0.41640625 0.6256944444444444 0.0828125 0.08472222222222223
3 0.302734375 0.8180555555555555 0.10234375 0.26666666666666666