2 0.476953125 0.6701388888888888 0.04921875 0.17916666666666667
2 0.316015625 0.51875 0.01171875 0.043055555555555555
2 0.36640625 0.51875 0.0125 0.03194444444444444
1 0.68984375 0.7701388888888889 0.6171875 0.45416666666666666
1 0.842578125 0.75625 0.04296875 0.21805555555555556
3 0.491015625 0.33958333333333335 0.07421875 0.2625
3 0.170703125 0.3388888888888889 0.11953125 0.3861111111111111
3 0.380078125 0.36875 0.07890625 0.2986111111111111
3 0.940625 0.3111111111111111 0.115625 0.4
3 0.058984375 0.27708333333333335 0.11796875 0.3597222222222222
3 0.54296875 0.3215277777777778 0.0546875 0.24861111111111112
3 0.662109375 0.5784722222222223 0.14765625 0.40694444444444444
3 0.29140625 0.3284722222222222 0.090625 0.2875
3 0.5796875 0.36041666666666666 0.0703125 0.3013888888888889
3 0.52265625 0.3958333333333333 0.0515625 0.13055555555555556
3 0.25078125 0.8569444444444444 0.146875 0.28055555555555556
3 0.808984375 0.26458333333333334 0.17734375 0.43194444444444446
3 0.2453125 0.41597222222222224 0.109375 0.24027777777777778
3 0.6078125 0.3402777777777778 0.0453125 0.1
3 0.118359375 0.4 0.11953125 0.26666666666666666
3 0.509765625 0.5930555555555556 0.10546875 0.28888888888888886
3 0.0546875 0.8076388888888889 0.1078125 0.3736111111111111
3 0.765234375 0.5576388888888889 0.07890625 0.2125
3 0.69375 0.2902777777777778 0.0921875 0.31666666666666665
3 0.64609375 0.3159722222222222 0.0734375 0.22361111111111112
3 0.344140625 0.39652777777777776 0.07421875 0.25972222222222224
3 0.473828125 0.43472222222222223 0.06171875 0.07777777777777778
3 0.875390625 0.5277777777777778 0.12109375 0.2222222222222222
3 0.40625 0.39791666666666664 0.0328125 0.05416666666666667
3 0.43203125 0.3333333333333333 0.01875 0.14166666666666666
3 0.416015625 0.44513888888888886 0.06484375 0.14583333333333334
0 0.977734375 0.6006944444444444 0.04296875 0.04027777777777778
0 0.96171875 0.5041666666666667 0.040625 0.04722222222222222