2 0.92265625 0.4708333333333333 0.0265625 0.125
2 0.785546875 0.4583333333333333 0.02734375 0.09444444444444444
2 0.9765625 0.4895833333333333 0.04375 0.1597222222222222
2 0.9875 0.5625 0.0234375 0.25277777777777777
3 0.86484375 0.3326388888888889 0.0875 0.2013888888888889
3 0.190234375 0.5361111111111111 0.38046875 0.9222222222222223
3 0.790234375 0.36527777777777776 0.12890625 0.20833333333333334
3 0.96796875 0.34375 0.0625 0.1763888888888889
3 0.562890625 0.40625 0.11171875 0.1597222222222222
3 0.643359375 0.3993055555555556 0.05703125 0.16527777777777777
3 0.369140625 0.4909722222222222 0.18359375 0.4847222222222222