2 0.60859375 0.5875 0.0125 0.04722222222222222
2 0.701953125 0.61875 0.01640625 0.0875
2 0.375 0.58125 0.0125 0.034722222222222224
2 0.71953125 0.625 0.0125 0.06944444444444445
2 0.680859375 0.6277777777777778 0.01328125 0.06111111111111111
1 0.396875 0.8409722222222222 0.79375 0.30972222222222223
3 0.774609375 0.46041666666666664 0.44765625 0.9208333333333333
3 0.051953125 0.37083333333333335 0.10390625 0.3194444444444444
3 0.243359375 0.4444444444444444 0.03515625 0.09166666666666666
3 0.480859375 0.42777777777777776 0.23046875 0.35555555555555557
3 0.320703125 0.46875 0.03203125 0.05416666666666667
3 0.485546875 0.5895833333333333 0.13515625 0.27361111111111114
3 0.285546875 0.4666666666666667 0.02578125 0.044444444444444446
3 0.928125 0.5979166666666667 0.0421875 0.09027777777777778
3 0.873828125 0.9361111111111111 0.10234375 0.12222222222222222
3 0.16484375 0.5513888888888889 0.0984375 0.15555555555555556