2 0.522265625 0.5868055555555556 0.0046875 0.021527777777777778
2 0.4765625 0.6479166666666667 0.004296875 0.019444444444444445
2 0.263671875 0.9361111111111111 0.0046875 0.022222222222222223
2 0.387890625 0.5923611111111111 0.004296875 0.016666666666666666
2 0.362109375 0.6395833333333333 0.0046875 0.022222222222222223
2 0.356640625 0.6402777777777777 0.0046875 0.019444444444444445
3 0.4703125 0.23541666666666666 0.040625 0.08402777777777778
3 0.551953125 0.5673611111111111 0.023046875 0.059027777777777776
3 0.03671875 0.2777777777777778 0.0359375 0.07222222222222222
3 0.604296875 0.4083333333333333 0.03125 0.08125
3 0.014453125 0.2881944444444444 0.028515625 0.07847222222222222
3 0.369921875 0.2611111111111111 0.0296875 0.07777777777777778
3 0.518359375 0.25555555555555554 0.078125 0.1111111111111111
3 0.717578125 0.16527777777777777 0.033984375 0.06180555555555556
3 0.57109375 0.12430555555555556 0.0265625 0.04791666666666667
3 0.412890625 0.020833333333333332 0.0453125 0.041666666666666664
3 0.641015625 0.40902777777777777 0.062109375 0.1
3 0.314453125 0.25555555555555554 0.032421875 0.06319444444444444
3 0.417578125 0.7340277777777777 0.029296875 0.08888888888888889
3 0.4453125 0.7722222222222223 0.023828125 0.08680555555555555
3 0.036328125 0.21944444444444444 0.040625 0.05
3 0.7375 0.15347222222222223 0.023046875 0.06597222222222222
3 0.405078125 0.22152777777777777 0.026953125 0.059027777777777776
3 0.377734375 0.27361111111111114 0.016796875 0.050694444444444445
3 0.689453125 0.12986111111111112 0.0375 0.07847222222222222
3 0.4296875 0.21458333333333332 0.035546875 0.08125
3 0.517578125 0.15347222222222223 0.0796875 0.08333333333333333
3 0.451171875 0.7138888888888889 0.013671875 0.03680555555555556
3 0.329296875 0.27291666666666664 0.034375 0.05277777777777778
3 0.516015625 0.6215277777777778 0.009375 0.03125
3 0.442578125 0.2326388888888889 0.0296875 0.07430555555555556
3 0.578515625 0.5326388888888889 0.019140625 0.044444444444444446
3 0.725 0.09791666666666667 0.025 0.05555555555555555
3 0.758203125 0.1 0.0265625 0.06319444444444444
3 0.33203125 0.8756944444444444 0.0203125 0.04722222222222222
3 0.6609375 0.3451388888888889 0.019921875 0.04652777777777778
3 0.156640625 0.21041666666666667 0.012890625 0.022222222222222223
3 0.706640625 0.14097222222222222 0.084765625 0.11180555555555556
3 0.591015625 0.2659722222222222 0.037109375 0.08263888888888889
3 0.776953125 0.14722222222222223 0.048046875 0.05555555555555555
3 0.634765625 0.29791666666666666 0.055859375 0.11388888888888889
0 0.0765625 0.22847222222222222 0.019921875 0.019444444444444445
0 0.066015625 0.24513888888888888 0.023046875 0.019444444444444445