2 0.37734375 0.5958333333333333 0.0609375 0.14444444444444443
2 0.18984375 0.4847222222222222 0.0109375 0.044444444444444446
1 0.498046875 0.7444444444444445 0.98984375 0.5055555555555555
1 0.6125 0.6395833333333333 0.0453125 0.20694444444444443
1 0.679296875 0.5833333333333334 0.03203125 0.16111111111111112
1 0.653515625 0.625 0.04140625 0.15
1 0.289453125 0.9229166666666667 0.02890625 0.1486111111111111
1 0.73515625 0.5569444444444445 0.0390625 0.15833333333333333
1 0.545703125 0.7333333333333333 0.03046875 0.15555555555555556
3 0.966015625 0.21944444444444444 0.06640625 0.20277777777777778
3 0.829296875 0.27847222222222223 0.06328125 0.24583333333333332
3 0.255859375 0.32916666666666666 0.08203125 0.2972222222222222
3 0.369921875 0.3236111111111111 0.07578125 0.3055555555555556
3 0.4234375 0.3020833333333333 0.0578125 0.2763888888888889
3 0.776171875 0.26666666666666666 0.08203125 0.31666666666666665
3 0.458203125 0.3277777777777778 0.06484375 0.2972222222222222
3 0.696875 0.225 0.0828125 0.3333333333333333
3 0.87890625 0.3375 0.0921875 0.225
3 0.40546875 0.3701388888888889 0.0578125 0.15138888888888888
3 0.104296875 0.7173611111111111 0.09765625 0.3597222222222222
3 0.048828125 0.29930555555555555 0.09765625 0.4041666666666667
3 0.108203125 0.38472222222222224 0.13515625 0.25
3 0.519921875 0.28541666666666665 0.06484375 0.21805555555555556
3 0.240625 0.7284722222222222 0.10625 0.2375
3 0.1625 0.31875 0.1 0.3541666666666667
3 0.5328125 0.5090277777777777 0.1109375 0.2902777777777778
3 0.84140625 0.3506944444444444 0.0390625 0.09861111111111111
3 0.4796875 0.3263888888888889 0.0609375 0.14166666666666666
3 0.219140625 0.35694444444444445 0.07734375 0.2611111111111111
3 0.8984375 0.18055555555555555 0.09375 0.11666666666666667
3 0.355078125 0.3993055555555556 0.04140625 0.08472222222222223
3 0.6921875 0.4722222222222222 0.0703125 0.16944444444444445
3 0.63671875 0.26666666666666666 0.0953125 0.36944444444444446
3 0.571484375 0.26458333333333334 0.06953125 0.30972222222222223
3 0.296484375 0.4215277777777778 0.06640625 0.12361111111111112
3 0.930078125 0.30625 0.03671875 0.0625
3 0.713671875 0.2972222222222222 0.05078125 0.20833333333333334
3 0.6125 0.49930555555555556 0.053125 0.17083333333333334
3 0.896875 0.28680555555555554 0.0953125 0.3263888888888889
3 0.278125 0.35625 0.0375 0.0625
3 0.743359375 0.3701388888888889 0.06796875 0.19027777777777777
3 0.472265625 0.6402777777777777 0.05390625 0.13055555555555556
3 0.0828125 0.4222222222222222 0.071875 0.1638888888888889
3 0.422265625 0.4951388888888889 0.07734375 0.17083333333333334
3 0.712890625 0.24513888888888888 0.04609375 0.10416666666666667
3 0.278125 0.3875 0.0390625 0.125
3 0.750390625 0.29930555555555555 0.05390625 0.24027777777777778