2 0.56015625 0.6930555555555555 0.0484375 0.24166666666666667
2 0.165625 0.6451388888888889 0.0515625 0.14305555555555555
2 0.513671875 0.6881944444444444 0.05390625 0.2513888888888889
2 0.81953125 0.475 0.0203125 0.10833333333333334
2 0.791015625 0.48819444444444443 0.02890625 0.12638888888888888
2 0.571484375 0.5729166666666666 0.04453125 0.17083333333333334
2 0.41328125 0.5680555555555555 0.0484375 0.1388888888888889
2 0.903125 0.46111111111111114 0.025 0.06666666666666667
2 0.62265625 0.4736111111111111 0.021875 0.11388888888888889
2 0.9046875 0.4888888888888889 0.0359375 0.10555555555555556
3 0.29296875 0.46319444444444446 0.1609375 0.29583333333333334
3 0.891015625 0.7138888888888889 0.21484375 0.5666666666666667
3 0.0609375 0.6701388888888888 0.121875 0.5555555555555556
3 0.18671875 0.5076388888888889 0.071875 0.10138888888888889
3 0.073046875 0.38125 0.14609375 0.30972222222222223