2 0.405859375 0.44305555555555554 0.03984375 0.20277777777777778
2 0.48125 0.45208333333333334 0.0609375 0.2763888888888889
2 0.449609375 0.44166666666666665 0.03671875 0.20833333333333334
2 0.644140625 0.4270833333333333 0.03671875 0.16805555555555557
2 0.6 0.4263888888888889 0.05 0.28055555555555556
2 0.57265625 0.41875 0.028125 0.1763888888888889
1 0.841015625 0.3326388888888889 0.06484375 0.5458333333333333
1 0.7625 0.36319444444444443 0.0328125 0.09305555555555556
3 0.162109375 0.12569444444444444 0.12109375 0.24861111111111112
3 0.07421875 0.19027777777777777 0.115625 0.25277777777777777
3 0.125 0.4201388888888889 0.2421875 0.37916666666666665
3 0.92109375 0.21319444444444444 0.15625 0.4263888888888889
3 0.712890625 0.22152777777777777 0.12265625 0.4375
3 0.2 0.12638888888888888 0.0453125 0.25277777777777777
3 0.44453125 0.2777777777777778 0.04375 0.09166666666666666
3 0.3875 0.28680555555555554 0.028125 0.07916666666666666
3 0.474609375 0.2986111111111111 0.02734375 0.03333333333333333
3 0.63515625 0.34652777777777777 0.0296875 0.04861111111111111