3 0.8703125 0.6388888888888888 0.2578125 0.7166666666666667
2 0.12578125 0.5875 0.0265625 0.05277777777777778
1 0.233984375 0.6743055555555556 0.46484375 0.4652777777777778
3 0.76015625 0.30486111111111114 0.2125 0.6097222222222223
3 0.663671875 0.325 0.15546875 0.5694444444444444
3 0.3109375 0.39861111111111114 0.0671875 0.31666666666666665
3 0.37109375 0.4152777777777778 0.075 0.2972222222222222
3 0.090234375 0.34930555555555554 0.16171875 0.4486111111111111
3 0.250390625 0.4263888888888889 0.08828125 0.26944444444444443
3 0.179296875 0.3819444444444444 0.08671875 0.2388888888888889
3 0.553515625 0.3958333333333333 0.10078125 0.36944444444444446
3 0.4234375 0.40625 0.0796875 0.20416666666666666
3 0.025390625 0.32916666666666666 0.05078125 0.3388888888888889
3 0.516015625 0.3951388888888889 0.04765625 0.3541666666666667
3 0.47265625 0.3888888888888889 0.075 0.3333333333333333
3 0.2171875 0.41875 0.0328125 0.1763888888888889
3 0.1015625 0.3861111111111111 0.09375 0.36944444444444446
3 0.301171875 0.40625 0.04921875 0.1986111111111111