2 0.426171875 0.8347222222222223 0.03515625 0.16111111111111112
2 0.590625 0.8291666666666667 0.021875 0.11388888888888889
2 0.040625 0.8104166666666667 0.05 0.1375
2 0.19765625 0.8090277777777778 0.0203125 0.12083333333333333
2 0.31171875 0.8041666666666667 0.0203125 0.09166666666666666
2 0.34921875 0.79375 0.0140625 0.08194444444444444
2 0.2796875 0.8222222222222222 0.0234375 0.125
2 0.356640625 0.7951388888888888 0.00859375 0.09027777777777778
2 0.26015625 0.8215277777777777 0.025 0.12916666666666668
3 0.1125 0.41805555555555557 0.225 0.8277777777777777
3 0.859765625 0.43472222222222223 0.26796875 0.8694444444444445
3 0.55234375 0.7715277777777778 0.0640625 0.1625
3 0.740234375 0.8027777777777778 0.08515625 0.10833333333333334
3 0.55234375 0.7180555555555556 0.0640625 0.058333333333333334
3 0.41328125 0.7361111111111112 0.05625 0.07222222222222222
3 0.8234375 0.7958333333333333 0.065625 0.125
3 0.463671875 0.7076388888888889 0.06328125 0.06805555555555555