2 0.4171875 0.7597222222222222 0.0125 0.041666666666666664
2 0.52890625 0.7534722222222222 0.0203125 0.04583333333333333
2 0.8046875 0.7409722222222223 0.015625 0.07361111111111111
2 0.76171875 0.7395833333333334 0.0234375 0.06527777777777778
2 0.616796875 0.7541666666666667 0.01171875 0.03333333333333333
2 0.320703125 0.7652777777777777 0.01015625 0.044444444444444446
2 0.196875 0.7701388888888889 0.0125 0.0375
1 0.694921875 0.8 0.60546875 0.39444444444444443
3 0.7765625 0.5291666666666667 0.1125 0.45
3 0.9625 0.40902777777777777 0.0734375 0.2986111111111111
3 0.063671875 0.15763888888888888 0.12734375 0.31527777777777777
3 0.88515625 0.48541666666666666 0.125 0.5152777777777777
3 0.12265625 0.6041666666666666 0.1484375 0.11666666666666667
3 0.4953125 0.7444444444444445 0.0421875 0.06944444444444445
3 0.278125 0.7993055555555556 0.0890625 0.09861111111111111
3 0.07734375 0.6069444444444444 0.0578125 0.10833333333333334
3 0.8515625 0.4861111111111111 0.0484375 0.044444444444444446
3 0.963671875 0.6041666666666666 0.06796875 0.14722222222222223