2 0.12578125 0.7055555555555556 0.0859375 0.375
2 0.062890625 0.5625 0.12578125 0.7305555555555555
2 0.32734375 0.4152777777777778 0.025 0.16666666666666666
2 0.45390625 0.43472222222222223 0.046875 0.2388888888888889
2 0.302734375 0.44930555555555557 0.05078125 0.1486111111111111
2 0.52265625 0.4354166666666667 0.0515625 0.24861111111111112
2 0.398046875 0.41180555555555554 0.04921875 0.2513888888888889
2 0.112109375 0.38333333333333336 0.06015625 0.19444444444444445
2 0.4828125 0.40694444444444444 0.025 0.14722222222222223
2 0.4234375 0.39652777777777776 0.015625 0.10416666666666667
2 0.144921875 0.3875 0.01953125 0.07222222222222222
2 0.155859375 0.4847222222222222 0.07734375 0.26944444444444443
3 0.190625 0.3541666666666667 0.0984375 0.15833333333333333
3 0.325390625 0.3840277777777778 0.05078125 0.14305555555555555
3 0.039453125 0.22916666666666666 0.07890625 0.12222222222222222
3 0.32578125 0.3416666666666667 0.0484375 0.058333333333333334
3 0.21796875 0.3548611111111111 0.040625 0.15694444444444444
3 0.053515625 0.30277777777777776 0.10703125 0.26944444444444443
3 0.18984375 0.3145833333333333 0.096875 0.07916666666666666
0 0.204296875 0.40069444444444446 0.05859375 0.0763888888888889
2 0.6015625 0.40555555555555556 0.0375 0.16944444444444445
2 0.616796875 0.4111111111111111 0.0296875 0.15208333333333332
2 0.6625 0.4076388888888889 0.051171875 0.1451388888888889
2 0.700390625 0.4111111111111111 0.04609375 0.15208333333333332