2 0.508203125 0.6826388888888889 0.061328125 0.3388888888888889
2 0.590234375 0.5673611111111111 0.034765625 0.22569444444444445
2 0.445703125 0.4201388888888889 0.014453125 0.07847222222222222
2 0.515234375 0.4875 0.025390625 0.1361111111111111
2 0.873046875 0.4131944444444444 0.025 0.08541666666666667
2 0.4953125 0.3888888888888889 0.011328125 0.06111111111111111
2 0.695703125 0.40069444444444446 0.013671875 0.05625
2 0.557421875 0.5673611111111111 0.039453125 0.19930555555555557
2 0.582421875 0.44513888888888886 0.025 0.09652777777777778
2 0.520703125 0.3951388888888889 0.013671875 0.05763888888888889
3 0.791796875 0.6284722222222222 0.0921875 0.23055555555555557
3 0.768359375 0.23541666666666666 0.0609375 0.20902777777777778
3 0.83515625 0.2152777777777778 0.096484375 0.30486111111111114
3 0.544921875 0.3145833333333333 0.042578125 0.15763888888888888
3 0.2625 0.2152777777777778 0.063671875 0.225
3 0.706640625 0.2326388888888889 0.0859375 0.2798611111111111
3 0.373828125 0.2659722222222222 0.151171875 0.39375
3 0.323046875 0.23472222222222222 0.2625 0.4673611111111111
3 0.021484375 0.2361111111111111 0.04296875 0.17222222222222222
3 0.671484375 0.4840277777777778 0.038671875 0.1423611111111111
3 0.18359375 0.5215277777777778 0.206640625 0.3055555555555556
3 0.218359375 0.18194444444444444 0.053515625 0.27708333333333335
3 0.283984375 0.15902777777777777 0.058984375 0.2826388888888889
3 0.05703125 0.42986111111111114 0.1140625 0.24097222222222223
3 0.947265625 0.29375 0.062109375 0.16041666666666668
3 0.626953125 0.2673611111111111 0.098046875 0.2548611111111111
3 0.878515625 0.31875 0.035546875 0.08958333333333333
3 0.741796875 0.225 0.331640625 0.3277777777777778
3 0.419140625 0.36180555555555555 0.082421875 0.16666666666666666
0 0.484765625 0.3680555555555556 0.037890625 0.027083333333333334
0 0.719140625 0.36041666666666666 0.026953125 0.02013888888888889
0 0.575 0.35625 0.035546875 0.017361111111111112
0 0.876171875 0.3638888888888889 0.028125 0.01875
0 0.575390625 0.36527777777777776 0.037109375 0.034027777777777775