2 0.88359375 0.7763888888888889 0.096875 0.3333333333333333
2 0.831640625 0.8006944444444445 0.07578125 0.3375
2 0.065234375 0.7020833333333333 0.02890625 0.15416666666666667
2 0.4609375 0.6416666666666667 0.0171875 0.03611111111111111
2 0.983984375 0.6458333333333334 0.02421875 0.05555555555555555
3 0.29453125 0.5388888888888889 0.1265625 0.2361111111111111
3 0.38984375 0.4861111111111111 0.11875 0.28888888888888886
3 0.32265625 0.36666666666666664 0.06875 0.16944444444444445
3 0.82109375 0.44583333333333336 0.0875 0.2722222222222222
3 0.94375 0.5041666666666667 0.0703125 0.13055555555555556
3 0.465625 0.48194444444444445 0.0484375 0.15
3 0.765625 0.7965277777777777 0.1328125 0.4013888888888889
3 0.373046875 0.7048611111111112 0.04609375 0.10694444444444444
3 0.528125 0.7180555555555556 0.0890625 0.15
3 0.545703125 0.5583333333333333 0.08828125 0.2
3 0.95390625 0.7430555555555556 0.090625 0.23333333333333334
3 0.11484375 0.7625 0.128125 0.4638888888888889
3 0.53828125 0.5965277777777778 0.0421875 0.12361111111111112
3 0.984765625 0.47291666666666665 0.02890625 0.15416666666666667
3 0.935546875 0.6020833333333333 0.05078125 0.0763888888888889
3 0.4578125 0.7090277777777778 0.040625 0.12638888888888888
3 0.531640625 0.5 0.05859375 0.08611111111111111
0 0.29609375 0.6298611111111111 0.084375 0.05416666666666667
0 0.8828125 0.5895833333333333 0.09375 0.06527777777777778
0 0.666015625 0.6 0.05703125 0.05