2 0.407421875 0.6965277777777777 0.04609375 0.2875
2 0.883203125 0.6243055555555556 0.02265625 0.1125
2 0.7125 0.6215277777777778 0.0296875 0.12638888888888888
2 0.15390625 0.6340277777777777 0.0296875 0.1375
2 0.19375 0.6451388888888889 0.03125 0.16527777777777777
2 0.0265625 0.6395833333333333 0.021875 0.13194444444444445
2 0.1171875 0.6118055555555556 0.0171875 0.0875
2 0.75703125 0.6194444444444445 0.021875 0.1111111111111111
2 0.01015625 0.6430555555555556 0.0203125 0.13333333333333333
2 0.797265625 0.6208333333333333 0.02265625 0.11666666666666667
3 0.91171875 0.2833333333333333 0.140625 0.11666666666666667
3 0.52109375 0.6013888888888889 0.075 0.09722222222222222
3 0.34296875 0.5819444444444445 0.0640625 0.15833333333333333
3 0.58984375 0.5923611111111111 0.0484375 0.10972222222222222
3 0.088671875 0.5368055555555555 0.04296875 0.12361111111111112
3 0.34296875 0.5298611111111111 0.0640625 0.05416666666666667
3 0.251171875 0.5173611111111112 0.06640625 0.06805555555555555
3 0.63125 0.32569444444444445 0.0328125 0.6513888888888889
3 0.219921875 0.5618055555555556 0.12734375 0.15694444444444444
3 0.94375 0.1701388888888889 0.1109375 0.3402777777777778
3 0.11015625 0.5284722222222222 0.0328125 0.04861111111111111
3 0.93515625 0.027777777777777776 0.09375 0.05555555555555555
3 0.176171875 0.5423611111111111 0.03828125 0.059722222222222225
3 0.25 0.5555555555555556 0.0671875 0.14444444444444443
3 0.189453125 0.5743055555555555 0.06484375 0.13194444444444445
3 0.3953125 0.5201388888888889 0.0375 0.0763888888888889
3 0.962109375 0.18055555555555555 0.07421875 0.2111111111111111