3 0.355078125 0.5131944444444444 0.11328125 0.48194444444444445
3 0.28515625 0.5472222222222223 0.1203125 0.4666666666666667
3 0.69453125 0.4979166666666667 0.3546875 0.9958333333333333
2 0.298046875 0.7902777777777777 0.01640625 0.05555555555555555
2 0.158984375 0.9493055555555555 0.04296875 0.09861111111111111
2 0.283203125 0.7958333333333333 0.01796875 0.05555555555555555
2 0.14140625 0.9534722222222223 0.0609375 0.09027777777777778
3 0.05859375 0.6430555555555556 0.1171875 0.48333333333333334
3 0.5296875 0.6125 0.0640625 0.18333333333333332
3 0.8921875 0.26180555555555557 0.1828125 0.5236111111111111
3 0.136328125 0.6520833333333333 0.11015625 0.3875
3 0.43359375 0.4798611111111111 0.13125 0.47638888888888886
3 0.581640625 0.6152777777777778 0.03984375 0.15
3 0.19453125 0.5965277777777778 0.10625 0.43472222222222223
3 0.012890625 0.9034722222222222 0.02578125 0.07361111111111111
3 0.241796875 0.5881944444444445 0.09609375 0.4263888888888889
3 0.870703125 0.6395833333333333 0.15390625 0.3541666666666667
3 0.039453125 0.7215277777777778 0.07890625 0.16805555555555557
3 0.187109375 0.8152777777777778 0.02109375 0.058333333333333334