1 0.409765625 0.6326388888888889 0.051953125 0.06458333333333334
3 0.38515625 0.8722222222222222 0.037890625 0.10347222222222222
3 0.36796875 0.4888888888888889 0.027734375 0.09097222222222222
3 0.6453125 0.83125 0.038671875 0.09375
3 0.343359375 0.5034722222222222 0.029296875 0.08958333333333333
3 0.510546875 0.8513888888888889 0.0375 0.12708333333333333
3 0.09140625 0.8916666666666667 0.034765625 0.09097222222222222
3 0.692578125 0.8458333333333333 0.040234375 0.11388888888888889
3 0.404296875 0.12986111111111112 0.023828125 0.05763888888888889
3 0.52421875 0.07430555555555556 0.024609375 0.044444444444444446
3 0.60703125 0.8381944444444445 0.040234375 0.08055555555555556
3 0.918359375 0.8597222222222223 0.044140625 0.07152777777777777
3 0.099609375 0.8166666666666667 0.036328125 0.06666666666666667
3 0.55390625 0.5076388888888889 0.028515625 0.09375
3 0.131640625 0.3951388888888889 0.0296875 0.08263888888888889
3 0.508984375 0.5256944444444445 0.032421875 0.08819444444444445
3 0.33125 0.9159722222222222 0.030078125 0.06180555555555556
3 0.330078125 0.2548611111111111 0.042578125 0.07152777777777777
3 0.951953125 0.2361111111111111 0.026953125 0.0798611111111111
3 0.6890625 0.5381944444444444 0.034375 0.075
3 0.57890625 0.6583333333333333 0.034765625 0.18125
3 0.023046875 0.2791666666666667 0.0140625 0.06041666666666667
3 0.33203125 0.36736111111111114 0.0390625 0.06944444444444445
3 0.235546875 0.49930555555555556 0.029296875 0.09652777777777778
3 0.09375 0.5111111111111111 0.04375 0.09791666666666667
3 0.253515625 0.85 0.0375 0.07569444444444444
3 0.476953125 0.7208333333333333 0.022265625 0.050694444444444445
3 0.720703125 0.08402777777777778 0.034765625 0.0798611111111111
3 0.679296875 0.9222222222222223 0.0359375 0.07569444444444444
3 0.080859375 0.3013888888888889 0.0484375 0.10277777777777777
3 0.769140625 0.2361111111111111 0.030078125 0.07569444444444444
3 0.09921875 0.6138888888888889 0.043359375 0.06875
3 0.218359375 0.3076388888888889 0.015234375 0.03888888888888889
3 0.716796875 0.5305555555555556 0.025 0.09791666666666667
3 0.628515625 0.17569444444444443 0.0125 0.044444444444444446
3 0.18359375 0.5201388888888889 0.0546875 0.07847222222222222
3 0.433984375 0.4534722222222222 0.018359375 0.041666666666666664
3 0.279296875 0.5048611111111111 0.026953125 0.08680555555555555
3 0.746484375 0.8458333333333333 0.033203125 0.09513888888888888
3 0.984765625 0.23680555555555555 0.029296875 0.08888888888888889
3 0.239453125 0.8979166666666667 0.041015625 0.08333333333333333
3 0.29453125 0.34305555555555556 0.027734375 0.05625
3 0.098828125 0.4097222222222222 0.034375 0.07708333333333334
3 0.384765625 0.020833333333333332 0.025 0.041666666666666664
3 0.238671875 0.33541666666666664 0.014453125 0.029861111111111113
3 0.480859375 0.6229166666666667 0.021484375 0.05277777777777778
3 0.572265625 0.9104166666666667 0.043359375 0.11944444444444445
3 0.77578125 0.8486111111111111 0.040234375 0.08958333333333333
3 0.603515625 0.16805555555555557 0.0109375 0.04722222222222222
3 0.651171875 0.9076388888888889 0.033984375 0.08055555555555556
3 0.333203125 0.7347222222222223 0.023828125 0.05486111111111111
3 0.483984375 0.5458333333333333 0.015234375 0.02847222222222222
3 0.2171875 0.4979166666666667 0.021875 0.08402777777777778
3 0.814453125 0.8840277777777777 0.0515625 0.15555555555555556
3 0.721875 0.8527777777777777 0.035546875 0.07430555555555556
3 0.353515625 0.6215277777777778 0.021484375 0.07777777777777778
3 0.3890625 0.32013888888888886 0.038671875 0.07013888888888889
3 0.670703125 0.5243055555555556 0.0265625 0.10208333333333333
3 0.532421875 0.5715277777777777 0.020703125 0.04652777777777778
3 0.359375 0.04097222222222222 0.026953125 0.03958333333333333
3 0.62578125 0.91875 0.033984375 0.10069444444444445
3 0.625390625 0.49375 0.025390625 0.06458333333333334
3 0.198046875 0.91875 0.0453125 0.09930555555555555
3 0.44453125 0.6423611111111112 0.024609375 0.09791666666666667
3 0.602734375 0.5034722222222222 0.026953125 0.08888888888888889
3 0.648828125 0.4965277777777778 0.030859375 0.06597222222222222
3 0.798046875 0.3541666666666667 0.030859375 0.09166666666666666
3 0.11953125 0.049305555555555554 0.0265625 0.04791666666666667
3 0.600390625 0.4215277777777778 0.018359375 0.035416666666666666
3 0.228125 0.5034722222222222 0.128125 0.1111111111111111
3 0.383984375 0.36944444444444446 0.019921875 0.03888888888888889
3 0.446875 0.5472222222222223 0.015625 0.025694444444444443
3 0.861328125 0.5555555555555556 0.038671875 0.1111111111111111
3 0.159375 0.3576388888888889 0.020703125 0.05
3 0.805859375 0.28888888888888886 0.016796875 0.05555555555555555
3 0.196484375 0.7930555555555555 0.044921875 0.10277777777777777
3 0.499609375 0.6104166666666667 0.021484375 0.07708333333333334
3 0.378515625 0.6326388888888889 0.023046875 0.05486111111111111
3 0.804296875 0.3680555555555556 0.020703125 0.06736111111111111
3 0.4703125 0.7986111111111112 0.026171875 0.05277777777777778
3 0.257421875 0.4965277777777778 0.021484375 0.08611111111111111
3 0.33984375 0.26180555555555557 0.024609375 0.058333333333333334
3 0.1390625 0.01875 0.03125 0.0375
3 0.738671875 0.375 0.026171875 0.06458333333333334
3 0.095703125 0.23819444444444443 0.033203125 0.08611111111111111
3 0.690625 0.8840277777777777 0.3 0.2
3 0.434765625 0.2875 0.033203125 0.06041666666666667
3 0.43671875 0.7243055555555555 0.021484375 0.049305555555555554
3 0.023828125 0.5354166666666667 0.031640625 0.09652777777777778
3 0.448828125 0.13402777777777777 0.012890625 0.06180555555555556
3 0.195703125 0.71875 0.159765625 0.49722222222222223
3 0.579296875 0.7090277777777778 0.033203125 0.08263888888888889
3 0.438671875 0.03888888888888889 0.027734375 0.044444444444444446
3 0.416796875 0.31875 0.094921875 0.12430555555555556
3 0.309765625 0.8659722222222223 0.025390625 0.10277777777777777
3 0.61640625 0.17430555555555555 0.037109375 0.06458333333333334
3 0.338671875 0.7006944444444444 0.028125 0.09097222222222222
3 0.651171875 0.03125 0.035546875 0.06180555555555556
3 0.274609375 0.011805555555555555 0.030859375 0.022916666666666665
3 0.69296875 0.20625 0.012890625 0.04722222222222222
0 0.194140625 0.9805555555555555 0.026953125 0.024305555555555556
0 0.05234375 0.53125 0.0109375 0.025694444444444443
0 0.06875 0.125 0.007421875 0.014583333333333334
0 0.305078125 0.9854166666666667 0.028515625 0.027777777777777776
0 0.112109375 0.9631944444444445 0.025 0.029861111111111113
0 0.039453125 0.33402777777777776 0.008984375 0.017361111111111112
0 0.049609375 0.021527777777777778 0.007421875 0.011805555555555555
0 0.876171875 0.76875 0.015625 0.035416666666666666
0 0.88671875 0.9638888888888889 0.0171875 0.04097222222222222
0 0.0484375 0.2951388888888889 0.007421875 0.014583333333333334
0 0.8578125 0.96875 0.021875 0.04791666666666667
0 0.3390625 0.9854166666666667 0.025 0.022916666666666665
0 0.046484375 0.36666666666666664 0.0109375 0.022222222222222223
0 0.051953125 0.24375 0.008203125 0.013194444444444444
0 0.87578125 0.9868055555555556 0.019140625 0.024305555555555556
0 0.092578125 0.7465277777777778 0.0171875 0.03888888888888889
0 0.829296875 0.6284722222222222 0.013671875 0.027083333333333334
0 0.068359375 0.4534722222222222 0.010546875 0.019444444444444445
0 0.083203125 0.8409722222222222 0.015234375 0.034027777777777775
0 0.912109375 0.9145833333333333 0.019140625 0.04236111111111111
0 0.83671875 0.7972222222222223 0.0171875 0.029861111111111113
0 0.098046875 0.05625 0.006640625 0.011805555555555555
0 0.859765625 0.9131944444444444 0.01875 0.03680555555555556
0 0.087109375 0.14166666666666666 0.0078125 0.013194444444444444
0 0.854296875 0.6770833333333334 0.015625 0.035416666666666666
0 0.15390625 0.9826388888888888 0.025390625 0.025
0 0.0453125 0.18055555555555555 0.007421875 0.011111111111111112
0 0.843359375 0.83125 0.01875 0.03333333333333333
0 0.819921875 0.7138888888888889 0.015625 0.027777777777777776
0 0.0640625 0.3215277777777778 0.009375 0.021527777777777778
0 0.846484375 0.6520833333333333 0.014453125 0.025
0 0.952734375 0.9798611111111111 0.016796875 0.025694444444444443
0 0.253515625 0.5638888888888889 0.016015625 0.022222222222222223
0 0.851953125 0.8708333333333333 0.019921875 0.04375
0 0.8125 0.6770833333333334 0.016796875 0.03263888888888889
0 0.865234375 0.7215277777777778 0.013671875 0.03125
0 0.939453125 0.0625 0.009375 0.01597222222222222
0 0.141796875 0.9944444444444445 0.032421875 0.009027777777777777
0 0.827734375 0.7555555555555555 0.015625 0.025694444444444443
1 0.49609375 0.6284722222222222 0.04140625 0.05555555555555555
1 0.33828125 0.33541666666666664 0.06171875 0.034027777777777775
1 0.513671875 0.7125 0.04375 0.07222222222222222
1 0.565234375 0.7166666666666667 0.023828125 0.06944444444444445
1 0.41796875 0.7194444444444444 0.023046875 0.05694444444444444