2 0.97421875 0.6166666666666667 0.0140625 0.07222222222222222
2 0.2796875 0.9326388888888889 0.0296875 0.13194444444444445
2 0.87734375 0.8895833333333333 0.03125 0.1736111111111111
2 0.903125 0.7111111111111111 0.021875 0.10277777777777777
2 0.312109375 0.9326388888888889 0.02890625 0.13194444444444445
2 0.793359375 0.7291666666666666 0.01640625 0.10555555555555556
2 0.873828125 0.6451388888888889 0.01484375 0.07361111111111111
2 0.783984375 0.6854166666666667 0.01328125 0.09027777777777778
2 0.469140625 0.7194444444444444 0.02265625 0.09166666666666666
2 0.484765625 0.7118055555555556 0.01796875 0.07916666666666666
2 0.855078125 0.6472222222222223 0.01796875 0.07777777777777778
1 0.516796875 0.46805555555555556 0.03828125 0.075
1 0.9546875 0.50625 0.0875 0.0763888888888889
3 0.557421875 0.49236111111111114 0.03203125 0.08472222222222223
3 0.469921875 0.49444444444444446 0.03515625 0.08055555555555556
0 0.816015625 0.6625 0.07890625 0.06111111111111111