2 0.30703125 0.6340277777777777 0.027734375 0.1284722222222222
2 0.430859375 0.6305555555555555 0.025 0.11319444444444444
2 0.41640625 0.5861111111111111 0.019140625 0.1
2 0.3578125 0.5895833333333333 0.019921875 0.09791666666666667
2 0.34765625 0.5041666666666667 0.0109375 0.050694444444444445
3 0.621875 0.1763888888888889 0.086328125 0.14166666666666666
3 0.210546875 0.5847222222222223 0.245703125 0.22847222222222222
3 0.5109375 0.5868055555555556 0.188671875 0.21875
3 0.469921875 0.20625 0.0640625 0.06875
3 0.664453125 0.5284722222222222 0.0390625 0.09652777777777778
3 0.93046875 0.8243055555555555 0.137890625 0.29444444444444445
3 0.41796875 0.5430555555555555 0.066015625 0.13402777777777777
1 0.63515625 0.5576388888888889 0.0828125 0.04236111111111111