2 0.8375 0.9340277777777778 0.0828125 0.12916666666666668
2 0.193359375 0.9583333333333334 0.04140625 0.08055555555555556
2 0.25625 0.9263888888888889 0.046875 0.08333333333333333
2 0.359765625 0.8972222222222223 0.08359375 0.20277777777777778
2 0.39765625 0.9159722222222222 0.075 0.16527777777777777
3 0.651953125 0.5229166666666667 0.46171875 0.8930555555555556
3 0.05390625 0.8666666666666667 0.1078125 0.2611111111111111
3 0.146875 0.26319444444444445 0.29375 0.5263888888888889
3 0.589453125 0.7520833333333333 0.08046875 0.15416666666666667
3 0.112109375 0.07152777777777777 0.22421875 0.14305555555555555
3 0.675390625 0.7875 0.05859375 0.1