2 0.7828125 0.6770833333333334 0.0640625 0.20694444444444443
2 0.4296875 0.7048611111111112 0.1171875 0.2625
2 0.0515625 0.59375 0.03125 0.14583333333333334
2 0.873828125 0.6298611111111111 0.05546875 0.1597222222222222
2 0.488671875 0.5444444444444444 0.01015625 0.030555555555555555
2 0.850390625 0.5611111111111111 0.01640625 0.07777777777777778
2 0.106640625 0.5611111111111111 0.01640625 0.09166666666666666
2 0.588671875 0.5881944444444445 0.01796875 0.08194444444444444
2 0.087890625 0.5534722222222223 0.02109375 0.07916666666666666
1 0.61796875 0.6152777777777778 0.059375 0.13055555555555556
1 0.46171875 0.5819444444444445 0.021875 0.027777777777777776
1 0.3609375 0.5291666666666667 0.121875 0.08888888888888889
1 0.616015625 0.6298611111111111 0.16328125 0.1597222222222222
1 0.48828125 0.5597222222222222 0.046875 0.06111111111111111
3 0.27265625 0.6465277777777778 0.109375 0.2902777777777778
3 0.943359375 0.5444444444444444 0.11015625 0.5
3 0.67578125 0.44027777777777777 0.1203125 0.2777777777777778
3 0.67421875 0.5416666666666666 0.059375 0.08055555555555556
3 0.581640625 0.4361111111111111 0.08515625 0.2388888888888889
3 0.84453125 0.5833333333333334 0.19375 0.7638888888888888
3 0.819140625 0.5284722222222222 0.08515625 0.2013888888888889
3 0.50234375 0.5 0.684375 1
3 0.18828125 0.4708333333333333 0.152734375 0.45694444444444443
3 0.211328125 0.8916666666666667 0.2421875 0.20555555555555555
3 0.65703125 0.9104166666666667 0.245703125 0.17847222222222223
3 0.729296875 0.47638888888888886 0.437109375 0.9527777777777777