2 0.89765625 0.6361111111111111 0.0796875 0.35555555555555557
2 0.607421875 0.6423611111111112 0.09453125 0.34305555555555556
2 0.453515625 0.6638888888888889 0.03984375 0.20833333333333334
2 0.500390625 0.6291666666666667 0.02578125 0.1638888888888889
2 0.530859375 0.6298611111111111 0.03515625 0.17083333333333334
2 0.68046875 0.5590277777777778 0.0265625 0.04027777777777778
2 0.702734375 0.5597222222222222 0.02421875 0.041666666666666664
2 0.51484375 0.6222222222222222 0.0125 0.10277777777777777
3 0.243359375 0.4152777777777778 0.30234375 0.6666666666666666
3 0.08828125 0.5194444444444445 0.171875 0.25277777777777777
3 0.013671875 0.5513888888888889 0.02734375 0.2111111111111111
3 0.333984375 0.5486111111111112 0.12890625 0.23333333333333334