3 0.53046875 0.5555555555555556 0.1109375 0.20555555555555555
2 0.42109375 0.6034722222222222 0.0515625 0.26805555555555555
2 0.33359375 0.6083333333333333 0.05625 0.24166666666666667
2 0.301953125 0.6041666666666666 0.05703125 0.2361111111111111
2 0.234765625 0.5513888888888889 0.01796875 0.08055555555555556
2 0.946484375 0.5583333333333333 0.02734375 0.1527777777777778
2 0.88515625 0.5534722222222223 0.0234375 0.09027777777777778
2 0.8125 0.5673611111111111 0.034375 0.08194444444444444
1 0.230859375 0.5631944444444444 0.12265625 0.20416666666666666
1 0.31875 0.5784722222222223 0.353125 0.2375
1 0.601171875 0.5319444444444444 0.06328125 0.13333333333333333
3 0.827734375 0.39444444444444443 0.06171875 0.25833333333333336
3 0.888671875 0.3972222222222222 0.06171875 0.25277777777777777
3 0.375390625 0.3909722222222222 0.05078125 0.1486111111111111
3 0.2765625 0.42569444444444443 0.0515625 0.1736111111111111
3 0.728515625 0.41875 0.06171875 0.2152777777777778
3 0.33359375 0.3958333333333333 0.0578125 0.14722222222222223
3 0.514453125 0.37916666666666665 0.05078125 0.1527777777777778
3 0.555859375 0.38472222222222224 0.04765625 0.1638888888888889
3 0.20703125 0.39375 0.06875 0.1763888888888889
3 0.672265625 0.3680555555555556 0.08984375 0.25833333333333336
3 0.4125 0.38125 0.0484375 0.15138888888888888
3 0.93984375 0.3888888888888889 0.084375 0.19444444444444445
3 0.7859375 0.45902777777777776 0.05 0.2763888888888889
3 0.443359375 0.4305555555555556 0.05234375 0.1638888888888889
3 0.098046875 0.6875 0.19609375 0.6194444444444445
3 0.621484375 0.3888888888888889 0.04609375 0.20833333333333334
3 0.590625 0.4041666666666667 0.053125 0.1388888888888889
3 0.97265625 0.32430555555555557 0.053125 0.23194444444444445
3 0.857421875 0.3993055555555556 0.03515625 0.18472222222222223
3 0.47421875 0.37569444444444444 0.046875 0.1486111111111111
3 0.785546875 0.3819444444444444 0.04765625 0.12222222222222222
3 0.344140625 0.43819444444444444 0.03984375 0.0625
3 0.17890625 0.40694444444444444 0.053125 0.14722222222222223
3 0.412890625 0.43472222222222223 0.04609375 0.058333333333333334
3 0.313671875 0.4486111111111111 0.02890625 0.07777777777777778
3 0.674609375 0.39166666666666666 0.05859375 0.2
0 0.465234375 0.5618055555555556 0.02890625 0.02361111111111111