2 0.944140625 0.5604166666666667 0.11015625 0.8069444444444445
2 0.353515625 0.44375 0.05859375 0.31805555555555554
2 0.051171875 0.5722222222222222 0.10234375 0.6777777777777778
2 0.141796875 0.6923611111111111 0.08046875 0.3347222222222222
2 0.443359375 0.46319444444444446 0.05546875 0.28194444444444444
2 0.30390625 0.4361111111111111 0.028125 0.18333333333333332
2 0.5125 0.4638888888888889 0.0609375 0.30277777777777776
2 0.281640625 0.4736111111111111 0.05390625 0.1638888888888889
2 0.128125 0.5104166666666666 0.0640625 0.29305555555555557
2 0.105859375 0.4041666666666667 0.02265625 0.08055555555555556
2 0.41796875 0.41944444444444445 0.015625 0.11666666666666667
2 0.083203125 0.4673611111111111 0.03515625 0.3458333333333333
1 0.169140625 0.4534722222222222 0.03046875 0.029166666666666667
3 0.159765625 0.37083333333333335 0.11171875 0.18055555555555555
3 0.3046875 0.40625 0.053125 0.16527777777777777
3 0.0125 0.22847222222222222 0.025 0.09027777777777778
3 0.195703125 0.38819444444444445 0.04609375 0.14305555555555555
3 0.30390625 0.35555555555555557 0.0515625 0.06388888888888888
2 0.6125 0.4263888888888889 0.04375 0.18333333333333332
2 0.680859375 0.42986111111111114 0.03828125 0.18472222222222223
2 0.73125 0.4215277777777778 0.042578125 0.15902777777777777
2 0.5703125 0.4152777777777778 0.0328125 0.09583333333333334
2 0.63984375 0.4340277777777778 0.034375 0.17569444444444443