2 0.6 0.6479166666666667 0.023046875 0.12152777777777778
2 0.550390625 0.59375 0.019921875 0.09375
2 0.684375 0.6819444444444445 0.032421875 0.1326388888888889
2 0.623046875 0.6270833333333333 0.021484375 0.08402777777777778
3 0.43515625 0.19652777777777777 0.077734375 0.08958333333333333
3 0.705859375 0.6118055555555556 0.211328125 0.2222222222222222
3 0.41015625 0.5909722222222222 0.191796875 0.20625
3 0.3671875 0.22291666666666668 0.048046875 0.041666666666666664
3 0.249609375 0.50625 0.022265625 0.044444444444444446
3 0.93359375 0.9305555555555556 0.130859375 0.13541666666666666
3 0.212890625 0.23541666666666666 0.021484375 0.02847222222222222
3 0.24609375 0.5694444444444444 0.016015625 0.059027777777777776
3 0.53515625 0.54375 0.043359375 0.09444444444444444
3 0.559765625 0.5451388888888888 0.0921875 0.1