2 0.33203125 0.6493055555555556 0.153125 0.6986111111111111
2 0.0734375 0.6784722222222223 0.146875 0.6402777777777777
2 0.505078125 0.6541666666666667 0.15546875 0.6888888888888889
2 0.87734375 0.6430555555555556 0.1328125 0.7111111111111111
2 0.78984375 0.6756944444444445 0.140625 0.6458333333333334
2 0.670703125 0.5993055555555555 0.07578125 0.3875
2 0.5890625 0.5743055555555555 0.065625 0.4236111111111111
2 0.732421875 0.6020833333333333 0.07109375 0.42083333333333334
2 0.466796875 0.5631944444444444 0.04140625 0.39305555555555555
3 0.344921875 0.14166666666666666 0.11015625 0.11388888888888889
3 0.959375 0.35625 0.0328125 0.17916666666666667
3 0.970703125 0.5944444444444444 0.05703125 0.12222222222222222
3 0.135546875 0.20069444444444445 0.02265625 0.07916666666666666