3 0.41015625 0.49722222222222223 0.8203125 0.9944444444444445
2 0.776953125 0.7958333333333333 0.05546875 0.3055555555555556
2 0.4375 0.7444444444444445 0.0390625 0.19444444444444445
2 0.49453125 0.7541666666666667 0.0359375 0.19166666666666668
2 0.866015625 0.8118055555555556 0.05234375 0.28194444444444444
2 0.940625 0.8694444444444445 0.0921875 0.25833333333333336
2 0.558203125 0.7513888888888889 0.05390625 0.24722222222222223
2 0.526953125 0.7590277777777777 0.03046875 0.18194444444444444
2 0.6234375 0.7722222222222223 0.0375 0.24444444444444444
2 0.92734375 0.76875 0.053125 0.15138888888888888
3 0.12890625 0.6868055555555556 0.1140625 0.2263888888888889
3 0.874609375 0.3229166666666667 0.15859375 0.1486111111111111