2 0.201171875 0.5895833333333333 0.01015625 0.059722222222222225
2 0.969921875 0.63125 0.02265625 0.08472222222222223
2 0.15078125 0.5840277777777778 0.0125 0.03194444444444444
1 0.49921875 0.6944444444444444 0.996875 0.6027777777777777
1 0.258203125 0.8493055555555555 0.51484375 0.29583333333333334
1 0.0609375 0.8006944444444445 0.040625 0.19305555555555556
1 0.223828125 0.8618055555555556 0.03515625 0.24861111111111112
1 0.38984375 0.6611111111111111 0.0328125 0.10277777777777777
1 0.13125 0.8284722222222223 0.025 0.14305555555555555
1 0.1359375 0.8486111111111111 0.06875 0.18611111111111112
3 0.9015625 0.31666666666666665 0.1953125 0.6333333333333333
3 0.733203125 0.5944444444444444 0.15703125 0.29444444444444445
3 0.5546875 0.4777777777777778 0.028125 0.05555555555555555
3 0.483984375 0.46041666666666664 0.03359375 0.08472222222222223
3 0.73203125 0.4222222222222222 0.2625 0.36944444444444446
3 0.1859375 0.3645833333333333 0.371875 0.5263888888888889
3 0.523828125 0.48055555555555557 0.02578125 0.044444444444444446
3 0.2859375 0.4375 0.1703125 0.3611111111111111
3 0.412890625 0.5361111111111111 0.06484375 0.1
3 0.553515625 0.6840277777777778 0.03359375 0.05138888888888889
3 0.577734375 0.48819444444444443 0.03046875 0.03194444444444444
3 0.074609375 0.3625 0.14921875 0.5194444444444445