2 0.537109375 0.5993055555555555 0.021484375 0.10208333333333333
2 0.614453125 0.6368055555555555 0.021484375 0.1076388888888889
2 0.658203125 0.6770833333333334 0.030078125 0.13055555555555556
1 0.27421875 0.2298611111111111 0.0421875 0.04375
3 0.419921875 0.19652777777777777 0.078515625 0.08888888888888889
3 0.705859375 0.6090277777777777 0.223046875 0.2298611111111111
3 0.407421875 0.5875 0.193359375 0.20625
3 0.548046875 0.5451388888888888 0.084375 0.1076388888888889
3 0.812890625 0.19791666666666666 0.037109375 0.06875
3 0.943359375 0.9375 0.1109375 0.12152777777777778
3 0.3515625 0.22291666666666668 0.05 0.041666666666666664
3 0.569921875 0.5451388888888888 0.040234375 0.1
3 0.357421875 0.5840277777777778 0.090234375 0.1951388888888889