2 0.8 0.39861111111111114 0.121875 0.475
2 0.340234375 0.3770833333333333 0.09140625 0.4986111111111111
2 0.585546875 0.37222222222222223 0.05703125 0.30833333333333335
2 0.880078125 0.3034722222222222 0.01640625 0.059722222222222225
2 0.644921875 0.27708333333333335 0.01484375 0.05694444444444444
2 0.51484375 0.2861111111111111 0.01875 0.10277777777777777
2 0.554296875 0.3173611111111111 0.03203125 0.15416666666666667
2 0.118359375 0.23680555555555555 0.01328125 0.059722222222222225
2 0.3609375 0.33402777777777776 0.05 0.3375
2 0.109375 0.2375 0.0171875 0.05555555555555555
2 0.894140625 0.3055555555555556 0.02109375 0.058333333333333334
2 0.533203125 0.29583333333333334 0.02109375 0.11666666666666667
2 0.907421875 0.2972222222222222 0.01484375 0.058333333333333334
3 0.052734375 0.29444444444444445 0.10390625 0.19166666666666668
3 0.5828125 0.13472222222222222 0.1796875 0.26944444444444443
3 0.858203125 0.1701388888888889 0.16015625 0.31527777777777777
3 0.950390625 0.30625 0.09609375 0.2652777777777778
3 0.41484375 0.14652777777777778 0.1671875 0.29305555555555557
3 0.116015625 0.20972222222222223 0.08046875 0.10277777777777777
3 0.73828125 0.20972222222222223 0.0765625 0.3055555555555556
3 0.48828125 0.18125 0.10625 0.22083333333333333
3 0.240625 0.24583333333333332 0.059375 0.09722222222222222
3 0.691015625 0.10833333333333334 0.10703125 0.21666666666666667
3 0.736328125 0.27152777777777776 0.06328125 0.0875
3 0.871875 0.4375 0.04375 0.05555555555555555
3 0.5375 0.14791666666666667 0.4171875 0.29583333333333334
3 0.8640625 0.4125 0.0875 0.18611111111111112
3 0.7171875 0.2708333333333333 0.025 0.07777777777777778
3 0.111328125 0.6381944444444444 0.22265625 0.45416666666666666
3 0.941015625 0.6847222222222222 0.11640625 0.3388888888888889