3 0.283984375 0.6854166666666667 0.04609375 0.10416666666666667
3 0.34765625 0.6409722222222223 0.14375 0.3375
3 0.241796875 0.4166666666666667 0.48359375 0.8333333333333334
3 0.73515625 0.40069444444444446 0.5265625 0.8013888888888889
2 0.647265625 0.7256944444444444 0.02421875 0.18194444444444444
2 0.68671875 0.675 0.0140625 0.041666666666666664
2 0.2125 0.6701388888888888 0.0140625 0.04861111111111111
2 0.33046875 0.6902777777777778 0.0140625 0.06944444444444445
2 0.53359375 0.7229166666666667 0.03125 0.15416666666666667
2 0.4703125 0.7263888888888889 0.0296875 0.15833333333333333
2 0.098046875 0.7208333333333333 0.02109375 0.08333333333333333
2 0.457421875 0.7208333333333333 0.02109375 0.15833333333333333
2 0.27890625 0.6736111111111112 0.0140625 0.044444444444444446
2 0.194140625 0.6680555555555555 0.01484375 0.03611111111111111
3 0.19765625 0.7416666666666667 0.121875 0.125
3 0.51875 0.4166666666666667 0.3 0.5861111111111111
3 0.857421875 0.6909722222222222 0.11640625 0.2013888888888889
3 0.700390625 0.5805555555555556 0.11015625 0.23055555555555557