2 0.235546875 0.7208333333333333 0.03984375 0.2111111111111111
2 0.320703125 0.73125 0.04453125 0.19305555555555556
2 0.187109375 0.6930555555555555 0.01953125 0.09722222222222222
2 0.716015625 0.6756944444444445 0.01640625 0.0875
2 0.1734375 0.6951388888888889 0.021875 0.10138888888888889
2 0.657421875 0.6680555555555555 0.02265625 0.10555555555555556
2 0.63984375 0.6736111111111112 0.0171875 0.08888888888888889
2 0.75 0.68125 0.025 0.06805555555555555
2 0.503125 0.6854166666666667 0.015625 0.08194444444444444
2 0.976953125 0.6673611111111111 0.02578125 0.10416666666666667
2 0.849609375 0.6513888888888889 0.01015625 0.03333333333333333
1 0.5328125 0.6951388888888889 0.56875 0.24583333333333332
1 0.533203125 0.7736111111111111 0.56953125 0.08888888888888889
3 0.021875 0.5111111111111111 0.04375 0.225
3 0.774609375 0.4388888888888889 0.12109375 0.4222222222222222
3 0.203515625 0.5 0.06484375 0.17777777777777778
3 0.505078125 0.5125 0.04296875 0.16944444444444445
3 0.251953125 0.5020833333333333 0.05546875 0.17083333333333334
3 0.546875 0.5159722222222223 0.053125 0.1486111111111111
3 0.075 0.5458333333333333 0.0796875 0.30277777777777776
3 0.421875 0.5513888888888889 0.053125 0.19722222222222222
3 0.29375 0.5215277777777778 0.059375 0.13194444444444445
3 0.32109375 0.5020833333333333 0.046875 0.1736111111111111
3 0.11171875 0.5291666666666667 0.0625 0.16111111111111112
3 0.5875 0.5354166666666667 0.0515625 0.1486111111111111
3 0.919140625 0.6729166666666667 0.10234375 0.2152777777777778
3 0.369921875 0.5020833333333333 0.09296875 0.24583333333333332
3 0.673046875 0.4951388888888889 0.07265625 0.18194444444444444
3 0.15625 0.5368055555555555 0.0609375 0.2708333333333333
3 0.731640625 0.4930555555555556 0.08984375 0.3416666666666667
3 0.466015625 0.5326388888888889 0.05859375 0.13472222222222222
3 0.396875 0.5694444444444444 0.046875 0.11666666666666667
3 0.79375 0.6715277777777777 0.03125 0.1125
3 0.674609375 0.6326388888888889 0.03828125 0.10694444444444444
3 0.62421875 0.5236111111111111 0.0625 0.22777777777777777
3 0.155859375 0.45902777777777776 0.06015625 0.11527777777777778
3 0.562109375 0.6645833333333333 0.12421875 0.1763888888888889
3 0.041015625 0.5486111111111112 0.05234375 0.08055555555555556
3 0.040625 0.5930555555555556 0.0546875 0.17222222222222222
3 0.386328125 0.5055555555555555 0.05859375 0.1638888888888889