3 0.407421875 0.43472222222222223 0.22109375 0.35833333333333334
3 0.267578125 0.5555555555555556 0.09609375 0.2611111111111111
2 0.853125 0.5576388888888889 0.040625 0.15416666666666667
2 0.8984375 0.525 0.0171875 0.041666666666666664
2 0.95 0.5465277777777777 0.0375 0.13194444444444445
2 0.141796875 0.47291666666666665 0.04296875 0.1736111111111111
2 0.339453125 0.5298611111111111 0.04453125 0.08194444444444444
2 0.974609375 0.5548611111111111 0.02265625 0.09027777777777778
2 0.87421875 0.5465277777777777 0.009375 0.04861111111111111
3 0.71640625 0.6354166666666666 0.353125 0.5736111111111111
3 0.1859375 0.5854166666666667 0.1203125 0.17916666666666667
3 0.97421875 0.41944444444444445 0.05 0.19722222222222222
3 0.487109375 0.6333333333333333 0.11796875 0.18611111111111112
3 0.05625 0.675 0.1125 0.3111111111111111
3 0.265625 0.48541666666666666 0.0921875 0.12083333333333333
3 0.84609375 0.42083333333333334 0.10625 0.13055555555555556
3 0.979296875 0.6569444444444444 0.03984375 0.13333333333333333