1 0.383203125 0.4722222222222222 0.096484375 0.1111111111111111
1 0.85078125 0.94375 0.121484375 0.10902777777777778
3 0.113671875 0.8118055555555556 0.0609375 0.14930555555555555
3 0.964453125 0.28125 0.038671875 0.08819444444444445
3 0.694140625 0.7555555555555555 0.0515625 0.16111111111111112
3 0.556640625 0.8673611111111111 0.048828125 0.12152777777777778
3 0.45234375 0.4041666666666667 0.071484375 0.09930555555555555
3 0.296484375 0.10208333333333333 0.0359375 0.06597222222222222
3 0.67890625 0.6013888888888889 0.0296875 0.05486111111111111
3 0.358984375 0.07847222222222222 0.025390625 0.08263888888888889
3 0.323828125 0.34375 0.082421875 0.11041666666666666
3 0.9234375 0.9465277777777777 0.036328125 0.06944444444444445
3 0.163671875 0.7465277777777778 0.044140625 0.11666666666666667
3 0.967578125 0.9076388888888889 0.0328125 0.05277777777777778
3 0.39296875 0.5625 0.062109375 0.10833333333333334
3 0.5171875 0.8791666666666667 0.054296875 0.1361111111111111
3 0.917578125 0.6541666666666667 0.041015625 0.08263888888888889
3 0.145703125 0.5284722222222222 0.020703125 0.05486111111111111
3 0.041015625 0.8930555555555556 0.0484375 0.15625
3 0.933984375 0.8548611111111111 0.041796875 0.06180555555555556
3 0.653515625 0.7715277777777778 0.047265625 0.09722222222222222
3 0.808203125 0.058333333333333334 0.0203125 0.07777777777777778
3 0.268359375 0.175 0.019921875 0.06111111111111111
3 0.48046875 0.8965277777777778 0.052734375 0.10902777777777778
3 0.931640625 0.7944444444444444 0.0328125 0.07013888888888889
3 0.865234375 0.85 0.031640625 0.06111111111111111
3 0.975390625 0.5868055555555556 0.048046875 0.10069444444444445
3 0.431640625 0.5354166666666667 0.079296875 0.09791666666666667
3 0.866015625 0.3472222222222222 0.012890625 0.03333333333333333
3 0.152734375 0.5645833333333333 0.034375 0.12708333333333333
3 0.835546875 0.8777777777777778 0.0296875 0.04236111111111111
3 0.326171875 0.4826388888888889 0.026171875 0.059027777777777776
3 0.895703125 0.8986111111111111 0.037890625 0.05277777777777778
3 0.70625 0.3819444444444444 0.021875 0.03819444444444445
3 0.96171875 0.7465277777777778 0.033984375 0.06111111111111111
3 0.758984375 0.8284722222222223 0.023046875 0.06111111111111111
3 0.2171875 0.5597222222222222 0.030078125 0.03958333333333333
3 0.791015625 0.8534722222222222 0.043359375 0.07708333333333334
3 0.40859375 0.94375 0.056640625 0.10625
3 0.596484375 0.9006944444444445 0.049609375 0.06736111111111111
3 0.18046875 0.6618055555555555 0.037109375 0.10625
3 0.176953125 0.8256944444444444 0.054296875 0.07847222222222222
3 0.095703125 0.6326388888888889 0.013671875 0.034027777777777775
3 0.830859375 0.07013888888888889 0.064453125 0.10902777777777778
3 0.680078125 0.06319444444444444 0.023046875 0.05763888888888889
3 0.302734375 0.5166666666666667 0.0203125 0.05
3 0.524609375 0.3715277777777778 0.053125 0.07777777777777778
3 0.702734375 0.8923611111111112 0.030859375 0.04375
3 0.44765625 0.9340277777777778 0.053515625 0.11875
3 0.541015625 0.3298611111111111 0.037890625 0.05486111111111111
3 0.971484375 0.6756944444444445 0.028515625 0.06597222222222222
3 0.673828125 0.8458333333333333 0.022265625 0.04513888888888889
3 0.7015625 0.9104166666666667 0.033203125 0.08055555555555556
3 0.55546875 0.43819444444444444 0.053515625 0.1284722222222222
3 0.669140625 0.15416666666666667 0.021875 0.04375
3 0.282421875 0.08402777777777778 0.028515625 0.06041666666666667
3 0.174609375 0.6083333333333333 0.015234375 0.04097222222222222
3 0.798046875 0.7638888888888888 0.028125 0.04652777777777778
3 0.676953125 0.4263888888888889 0.051171875 0.06388888888888888
3 0.844921875 0.7229166666666667 0.028515625 0.052083333333333336
3 0.080859375 0.5972222222222222 0.018359375 0.07222222222222222
3 0.500390625 0.33125 0.065234375 0.1076388888888889