2 0.48515625 0.65 0.0203125 0.13333333333333333
2 0.48515625 0.5770833333333333 0.0265625 0.05416666666666667
2 0.459765625 0.6736111111111112 0.02578125 0.08055555555555556
2 0.6328125 0.5777777777777777 0.0203125 0.08888888888888889
2 0.587109375 0.5680555555555555 0.01328125 0.044444444444444446
2 0.79296875 0.7555555555555555 0.0390625 0.07222222222222222
3 0.746875 0.34444444444444444 0.1640625 0.3
3 0.90234375 0.33125 0.19375 0.5736111111111111
3 0.43671875 0.35208333333333336 0.290625 0.7041666666666667
3 0.4390625 0.49930555555555556 0.291015625 0.99375
3 0.264453125 0.7090277777777778 0.29296875 0.5763888888888888
3 0.016015625 0.3236111111111111 0.03203125 0.2388888888888889
3 0.437890625 0.925 0.04296875 0.14444444444444443