3 0.408203125 0.5201388888888889 0.23515625 0.5347222222222222
3 0.309375 0.6486111111111111 0.103125 0.6027777777777777
2 0.11328125 0.9826388888888888 0.0265625 0.03194444444444444
2 0.10078125 0.9125 0.0171875 0.06388888888888888
2 0.058203125 0.98125 0.02265625 0.034722222222222224
2 0.130859375 0.9083333333333333 0.01484375 0.05555555555555555
2 0.14296875 0.9097222222222222 0.015625 0.07222222222222222
2 0.0140625 0.9520833333333333 0.028125 0.09305555555555556
2 0.319140625 0.74375 0.00859375 0.0375
2 0.305859375 0.7416666666666667 0.00703125 0.03888888888888889
2 0.0421875 0.9493055555555555 0.0265625 0.09861111111111111
3 0.63359375 0.7173611111111111 0.134375 0.4513888888888889
3 0.530859375 0.6347222222222222 0.10078125 0.35
3 0.223828125 0.6243055555555556 0.16015625 0.5208333333333334
3 0.800390625 0.6909722222222222 0.12421875 0.5041666666666667
3 0.701953125 0.6763888888888889 0.11328125 0.525
3 0.040234375 0.36666666666666664 0.08046875 0.29444444444444445
3 0.103515625 0.5847222222222223 0.20546875 0.625
3 0.877734375 0.7215277777777778 0.12734375 0.4486111111111111
3 0.975390625 0.6340277777777777 0.04765625 0.45416666666666666
3 0.7546875 0.9145833333333333 0.025 0.0763888888888889
3 0.6859375 0.9048611111111111 0.025 0.05694444444444444
3 0.601953125 0.9111111111111111 0.02421875 0.07777777777777778
3 0.316015625 0.9229166666666667 0.03046875 0.07916666666666666
3 0.859765625 0.9104166666666667 0.02265625 0.04861111111111111
3 0.46015625 0.5979166666666667 0.1171875 0.37083333333333335
3 0.89453125 0.9131944444444444 0.028125 0.07083333333333333
3 0.07421875 0.9270833333333334 0.0421875 0.09861111111111111
3 0.93203125 0.9173611111111111 0.025 0.07083333333333333
3 0.71796875 0.9104166666666667 0.028125 0.06527777777777778
3 0.976171875 0.47638888888888886 0.04609375 0.1388888888888889
3 0.737890625 0.7875 0.13203125 0.29444444444444445
3 0.040625 0.5513888888888889 0.08125 0.6666666666666666