2 0.364453125 0.59375 0.01015625 0.05138888888888889
2 0.381640625 0.6194444444444445 0.01171875 0.03611111111111111
2 0.630078125 0.6048611111111111 0.00703125 0.05138888888888889
2 0.244140625 0.6166666666666667 0.00546875 0.030555555555555555
2 0.41875 0.6034722222222222 0.0078125 0.0375
2 0.142578125 0.6270833333333333 0.02265625 0.09305555555555556
1 0.631640625 0.6944444444444444 0.73359375 0.6027777777777777
1 0.66796875 0.8541666666666666 0.0328125 0.22777777777777777
3 0.122265625 0.3472222222222222 0.24453125 0.6944444444444444
3 0.939453125 0.4597222222222222 0.04765625 0.10555555555555556
3 0.6875 0.45625 0.2171875 0.3680555555555556
3 0.49921875 0.45208333333333334 0.265625 0.4986111111111111
3 0.283984375 0.4583333333333333 0.19609375 0.4361111111111111
3 0.851953125 0.5743055555555555 0.07890625 0.1597222222222222
3 0.74453125 0.45069444444444445 0.1015625 0.3541666666666667
3 0.989453125 0.4756944444444444 0.01953125 0.04861111111111111