2 0.473046875 0.8625 0.05546875 0.2722222222222222
2 0.278515625 0.8909722222222223 0.08203125 0.2152777777777778
2 0.382421875 0.9145833333333333 0.02890625 0.16805555555555557
2 0.42578125 0.8888888888888888 0.0703125 0.21944444444444444
2 0.340625 0.86875 0.059375 0.25972222222222224
2 0.172265625 0.8715277777777778 0.08203125 0.25416666666666665
2 0.230859375 0.7805555555555556 0.01015625 0.058333333333333334
3 0.3625 0.42291666666666666 0.4078125 0.6958333333333333
3 0.045703125 0.4625 0.09140625 0.225
3 0.327734375 0.66875 0.08359375 0.1486111111111111
3 0.71796875 0.6597222222222222 0.2125 0.25833333333333336
3 0.4125 0.7277777777777777 0.0328125 0.03333333333333333
3 0.409375 0.6888888888888889 0.05 0.07777777777777778