2 0.09453125 0.6236111111111111 0.0828125 0.4027777777777778
2 0.027734375 0.6215277777777778 0.05546875 0.3875
2 0.14453125 0.5819444444444445 0.0296875 0.20833333333333334
2 0.175390625 0.5770833333333333 0.03515625 0.20694444444444443
2 0.057421875 0.5666666666666667 0.02734375 0.19722222222222222
3 0.788671875 0.6701388888888888 0.08828125 0.11527777777777778
3 0.9140625 0.7798611111111111 0.0859375 0.1375
3 0.70703125 0.6979166666666666 0.0515625 0.08472222222222223
3 0.404296875 0.46111111111111114 0.06171875 0.15
3 0.485546875 0.5055555555555555 0.01953125 0.06666666666666667
3 0.61015625 0.46944444444444444 0.025 0.1
3 0.61328125 0.6472222222222223 0.01875 0.06111111111111111
3 0.485546875 0.5736111111111111 0.01953125 0.06388888888888888