3 0.212890625 0.2763888888888889 0.041015625 0.08611111111111111
3 0.361328125 0.4979166666666667 0.074609375 0.12708333333333333
3 0.491015625 0.6909722222222222 0.1125 0.21041666666666667
3 0.588671875 0.6673611111111111 0.078515625 0.16597222222222222
3 0.8109375 0.4548611111111111 0.119921875 0.21180555555555555
3 0.92890625 0.4847222222222222 0.140234375 0.3784722222222222
3 0.090234375 0.6993055555555555 0.064453125 0.15833333333333333
3 0.295703125 0.275 0.058984375 0.14652777777777778
3 0.67265625 0.7979166666666667 0.058984375 0.12013888888888889
3 0.116015625 0.8736111111111111 0.057421875 0.19722222222222222
3 0.551171875 0.8805555555555555 0.071875 0.13541666666666666
3 0.038671875 0.18194444444444444 0.07734375 0.3638888888888889
3 0.06953125 0.28541666666666665 0.078515625 0.17222222222222222
3 0.88984375 0.9354166666666667 0.1765625 0.12569444444444444
3 0.83125 0.08125 0.10625 0.16180555555555556
3 0.222265625 0.3451388888888889 0.029296875 0.058333333333333334
3 0.306640625 0.24444444444444444 0.036328125 0.08680555555555555
3 0.176171875 0.09166666666666666 0.028125 0.052083333333333336
3 0.635546875 0.5944444444444444 0.075390625 0.15
3 0.44140625 0.32083333333333336 0.055859375 0.07847222222222222
3 0.455078125 0.5520833333333334 0.0375 0.08819444444444445
3 0.255859375 0.31319444444444444 0.023828125 0.052083333333333336
3 0.975390625 0.7631944444444444 0.0484375 0.14722222222222223
3 0.612109375 0.6361111111111111 0.1265625 0.23125
3 0.61015625 0.24444444444444444 0.115234375 0.25555555555555554
3 0.5765625 0.18541666666666667 0.188671875 0.3701388888888889