2 0.123046875 0.5715277777777777 0.05078125 0.2375
2 0.79140625 0.6 0.0421875 0.16666666666666666
2 0.754296875 0.5708333333333333 0.03203125 0.11666666666666667
2 0.028515625 0.5673611111111111 0.05703125 0.3013888888888889
2 0.207421875 0.5277777777777778 0.01484375 0.08055555555555556
2 0.224609375 0.5284722222222222 0.01484375 0.07083333333333333
2 0.05078125 0.5631944444444444 0.0328125 0.24583333333333332
2 0.172265625 0.5215277777777778 0.01640625 0.07361111111111111
2 0.237109375 0.5256944444444445 0.01171875 0.07361111111111111
1 0.2171875 0.5493055555555556 0.3328125 0.2263888888888889
1 0.218359375 0.6194444444444445 0.32890625 0.08333333333333333
3 0.262890625 0.40555555555555556 0.05546875 0.16944444444444445
3 0.80703125 0.4215277777777778 0.0609375 0.24027777777777778
3 0.321484375 0.38333333333333336 0.05703125 0.14444444444444443
3 0.46015625 0.38680555555555557 0.046875 0.16805555555555557
3 0.36328125 0.3770833333333333 0.05 0.13472222222222222
3 0.6515625 0.4076388888888889 0.096875 0.29305555555555557
3 0.499609375 0.38263888888888886 0.05078125 0.1486111111111111
3 0.7640625 0.4222222222222222 0.0515625 0.14166666666666666
3 0.18828125 0.3993055555555556 0.0828125 0.23194444444444445
3 0.428515625 0.40555555555555556 0.04921875 0.11666666666666667
3 0.4015625 0.3798611111111111 0.046875 0.15416666666666667
3 0.576171875 0.40902777777777777 0.05390625 0.12638888888888888
3 0.859375 0.4041666666666667 0.0890625 0.8083333333333333
3 0.708984375 0.45208333333333334 0.06171875 0.23194444444444445
3 0.605078125 0.4013888888888889 0.04140625 0.19722222222222222
3 0.31875 0.42430555555555555 0.040625 0.0625
3 0.38125 0.55625 0.1609375 0.20972222222222223
3 0.0234375 0.3541666666666667 0.046875 0.13055555555555556
3 0.5390625 0.3541666666666667 0.0421875 0.08611111111111111
3 0.738671875 0.4375 0.03203125 0.1361111111111111
3 0.904296875 0.41180555555555554 0.03828125 0.15138888888888888
3 0.568359375 0.4340277777777778 0.04609375 0.0763888888888889
3 0.33515625 0.5354166666666667 0.06875 0.1597222222222222
3 0.56953125 0.5388888888888889 0.0421875 0.1388888888888889
3 0.16796875 0.3993055555555556 0.0515625 0.1875
3 0.53984375 0.3951388888888889 0.04375 0.16527777777777777
3 0.573828125 0.46944444444444444 0.05859375 0.24722222222222223
3 0.94453125 0.4479166666666667 0.109375 0.8958333333333334