3 0.084765625 0.17083333333333334 0.16953125 0.3416666666666667
2 0.172265625 0.3486111111111111 0.04921875 0.24166666666666667
2 0.329296875 0.3888888888888889 0.05390625 0.3055555555555556
2 0.43046875 0.4708333333333333 0.071875 0.425
2 0.283984375 0.31180555555555556 0.01953125 0.09027777777777778
2 0.035546875 0.2902777777777778 0.01796875 0.08333333333333333
2 0.53671875 0.3277777777777778 0.0109375 0.04722222222222222
2 0.45390625 0.3819444444444444 0.0296875 0.25833333333333336
3 0.867578125 0.8208333333333333 0.26171875 0.35
3 0.67890625 0.25972222222222224 0.0890625 0.5194444444444445
3 0.751953125 0.34791666666666665 0.09921875 0.25972222222222224
3 0.247265625 0.15625 0.47109375 0.3125
3 0.544921875 0.21736111111111112 0.14453125 0.2625
3 0.363671875 0.1486111111111111 0.23359375 0.2972222222222222
3 0.903515625 0.059027777777777776 0.19140625 0.11805555555555555
3 0.251171875 0.22013888888888888 0.10546875 0.19027777777777777
3 0.6046875 0.33541666666666664 0.0671875 0.16805555555555557
3 0.469921875 0.24444444444444444 0.07421875 0.2388888888888889
3 0.519140625 0.3194444444444444 0.03046875 0.05277777777777778
3 0.187109375 0.15138888888888888 0.16953125 0.30277777777777776
3 0.484765625 0.3034722222222222 0.03046875 0.0763888888888889
3 0.55859375 0.21666666666666667 0.071875 0.2611111111111111
3 0.491015625 0.38958333333333334 0.05078125 0.10694444444444444