2 0.327734375 0.74375 0.01484375 0.07361111111111111
2 0.914453125 0.8729166666666667 0.07421875 0.2513888888888889
2 0.96484375 0.8659722222222223 0.06875 0.2652777777777778
2 0.175 0.7506944444444444 0.01875 0.10138888888888889
2 0.348828125 0.74375 0.01484375 0.07916666666666666
2 0.15078125 0.7631944444444444 0.01875 0.06527777777777778
2 0.899609375 0.7569444444444444 0.02421875 0.06111111111111111
1 0.101953125 0.9388888888888889 0.20390625 0.11666666666666667
3 0.23671875 0.4965277777777778 0.4734375 0.9930555555555556
3 0.712890625 0.6229166666666667 0.11796875 0.2375
3 0.81796875 0.5715277777777777 0.140625 0.3236111111111111
3 0.909765625 0.5625 0.06328125 0.17222222222222222
3 0.740234375 0.4513888888888889 0.06953125 0.16944444444444445
3 0.023828125 0.51875 0.04765625 0.3236111111111111
3 0.633984375 0.6909722222222222 0.53515625 0.6125
3 0.992578125 0.5861111111111111 0.01328125 0.09444444444444444
0 0.7109375 0.7152777777777778 0.071875 0.05277777777777778