2 0.24765625 0.5888888888888889 0.009375 0.058333333333333334
2 0.2 0.5944444444444444 0.0125 0.04722222222222222
2 0.27109375 0.5881944444444445 0.0109375 0.05416666666666667
2 0.3265625 0.6215277777777778 0.0109375 0.04861111111111111
1 0.49921875 0.6944444444444444 0.996875 0.6027777777777777
1 0.2796875 0.8472222222222222 0.5578125 0.3
1 0.27734375 0.8680555555555556 0.040625 0.24444444444444444
1 0.121484375 0.7986111111111112 0.03515625 0.18888888888888888
1 0.186328125 0.8305555555555556 0.02578125 0.15
1 0.440234375 0.6256944444444444 0.06015625 0.15138888888888888
3 0.59453125 0.47430555555555554 0.028125 0.05416666666666667
3 0.525 0.45902777777777776 0.03125 0.0875
3 0.779296875 0.40902777777777777 0.27421875 0.36527777777777776
3 0.78125 0.5902777777777778 0.1609375 0.3
3 0.205859375 0.38958333333333334 0.41171875 0.5430555555555555
3 0.563671875 0.47708333333333336 0.02421875 0.043055555555555555
3 0.925390625 0.3138888888888889 0.14765625 0.6277777777777778
3 0.33046875 0.4423611111111111 0.1609375 0.3541666666666667
3 0.61953125 0.4847222222222222 0.028125 0.03333333333333333
3 0.252734375 0.42986111111111114 0.11953125 0.3763888888888889
3 0.45390625 0.5409722222222222 0.0609375 0.10416666666666667