3 0.384765625 0.6361111111111111 0.03984375 0.09722222222222222
2 0.74921875 0.6583333333333333 0.025 0.05
2 0.728125 0.6472222222222223 0.01875 0.06388888888888888
2 0.20390625 0.6625 0.0140625 0.03333333333333333
2 0.059765625 0.66875 0.01171875 0.029166666666666667
2 0.7015625 0.6430555555555556 0.01875 0.06388888888888888
2 0.924609375 0.8333333333333334 0.10078125 0.325
3 0.134375 0.49027777777777776 0.1390625 0.31666666666666665
3 0.572265625 0.4756944444444444 0.07265625 0.19583333333333333
3 0.056640625 0.34652777777777777 0.08671875 0.2013888888888889
3 0.73515625 0.5347222222222222 0.1015625 0.17222222222222222
3 0.308984375 0.5826388888888889 0.08984375 0.2125
3 0.22421875 0.49236111111111114 0.053125 0.15694444444444444
3 0.88125 0.4666666666666667 0.1046875 0.175
3 0.094140625 0.7236111111111111 0.06015625 0.13333333333333333
3 0.612109375 0.7395833333333334 0.06796875 0.17916666666666667
3 0.661328125 0.5631944444444444 0.05234375 0.1125
3 0.047265625 0.5472222222222223 0.09453125 0.2722222222222222
3 0.056640625 0.44375 0.08828125 0.3958333333333333
3 0.53515625 0.7506944444444444 0.0828125 0.19583333333333333
3 0.272265625 0.7472222222222222 0.09921875 0.15
3 0.1828125 0.7381944444444445 0.0734375 0.14027777777777778
3 0.705859375 0.5659722222222222 0.04140625 0.10138888888888889
3 0.46796875 0.8180555555555555 0.0859375 0.35833333333333334
3 0.334765625 0.6048611111111111 0.03984375 0.13472222222222222
3 0.512890625 0.5298611111111111 0.01640625 0.06527777777777778
3 0.466015625 0.9180555555555555 0.07890625 0.15833333333333333
3 0.793359375 0.6465277777777778 0.02109375 0.04583333333333333
3 0.337890625 0.7465277777777778 0.03984375 0.11805555555555555
3 0.2953125 0.5229166666666667 0.0578125 0.09027777777777778
3 0.128125 0.7479166666666667 0.0390625 0.10694444444444444
3 0.294921875 0.6256944444444444 0.04921875 0.12638888888888888
0 0.6140625 0.6347222222222222 0.0765625 0.06111111111111111