3 0.133984375 0.41944444444444445 0.26796875 0.4527777777777778
2 0.623046875 0.6277777777777778 0.21484375 0.7416666666666667
2 0.452734375 0.6763888888888889 0.20234375 0.6444444444444445
2 0.969140625 0.5 0.06015625 0.35555555555555557
2 0.789453125 0.46041666666666664 0.02109375 0.13194444444444445
2 0.669140625 0.41597222222222224 0.02109375 0.08194444444444444
2 0.701953125 0.4638888888888889 0.01796875 0.13333333333333333
2 0.09296875 0.5520833333333334 0.009375 0.034722222222222224
2 0.062890625 0.5770833333333333 0.02109375 0.08194444444444444
1 0.208203125 0.5444444444444444 0.099609375 0.029166666666666667
2 0.86171875 0.48194444444444445 0.0484375 0.16805555555555557
2 0.821484375 0.4840277777777778 0.040625 0.1673611111111111