2 0.510546875 0.5409722222222222 0.009765625 0.041666666666666664
2 0.525390625 0.6006944444444444 0.009375 0.03333333333333333
2 0.559375 0.5520833333333334 0.008203125 0.04097222222222222
2 0.83046875 0.48541666666666666 0.0078125 0.03611111111111111
2 0.533203125 0.48819444444444443 0.009765625 0.03958333333333333
2 0.507421875 0.6076388888888888 0.010546875 0.017361111111111112
1 0.362890625 0.49722222222222223 0.051953125 0.15
1 0.371875 0.46111111111111114 0.030078125 0.07569444444444444
3 0.273828125 0.3076388888888889 0.08125 0.3090277777777778
3 0.7734375 0.3020833333333333 0.085546875 0.3506944444444444
3 0.610546875 0.5576388888888889 0.089453125 0.12152777777777778
3 0.48046875 0.4951388888888889 0.071484375 0.14930555555555555
3 0.723828125 0.46041666666666664 0.0703125 0.08125
3 0.63671875 0.3125 0.053515625 0.23958333333333334
3 0.587109375 0.5236111111111111 0.062890625 0.17708333333333334
3 0.95078125 0.049305555555555554 0.097265625 0.09791666666666667
3 0.119921875 0.55625 0.239453125 0.8826388888888889
3 0.351953125 0.30625 0.0625 0.08680555555555555
3 0.208203125 0.32083333333333336 0.074609375 0.26180555555555557
3 0.666015625 0.35347222222222224 0.05 0.20833333333333334
3 0.959765625 0.25763888888888886 0.078515625 0.32708333333333334
3 0.447265625 0.3548611111111111 0.036328125 0.04375
3 0.441796875 0.28125 0.116015625 0.15486111111111112
3 0.866796875 0.45 0.06875 0.1388888888888889
3 0.637890625 0.46875 0.0546875 0.07291666666666667
3 0.814453125 0.41458333333333336 0.034375 0.09513888888888888
3 0.410546875 0.31180555555555556 0.028125 0.075
3 0.4609375 0.5805555555555556 0.082421875 0.06875
3 0.489453125 0.36041666666666666 0.029296875 0.035416666666666666
3 0.974609375 0.4736111111111111 0.0484375 0.11944444444444445
3 0.95234375 0.38680555555555557 0.093359375 0.20208333333333334
3 0.7859375 0.4486111111111111 0.046875 0.07291666666666667
3 0.441796875 0.38125 0.1171875 0.35625
0 0.02578125 0.9270833333333334 0.0515625 0.07222222222222222
1 0.70390625 0.5881944444444445 0.10859375 0.09097222222222222