3 0.117578125 0.41458333333333336 0.23515625 0.8236111111111111
2 0.671875 0.8555555555555555 0.053125 0.19444444444444445
2 0.190625 0.80625 0.0375 0.1597222222222222
2 0.91640625 0.7951388888888888 0.040625 0.1486111111111111
2 0.25859375 0.8076388888888889 0.03125 0.12361111111111112
2 0.54375 0.8819444444444444 0.0859375 0.23333333333333334
2 0.376171875 0.7888888888888889 0.02578125 0.11666666666666667
2 0.23203125 0.8055555555555556 0.0234375 0.13055555555555556
2 0.57734375 0.8791666666666667 0.034375 0.2388888888888889
2 0.300390625 0.8097222222222222 0.03359375 0.15555555555555556
2 0.34140625 0.7479166666666667 0.0125 0.034722222222222224
2 0.321484375 0.8013888888888889 0.01953125 0.125
2 0.215625 0.7930555555555555 0.0203125 0.11666666666666667
2 0.29375 0.8013888888888889 0.0203125 0.12222222222222222
3 0.86484375 0.4097222222222222 0.265625 0.8194444444444444
3 0.7546875 0.7631944444444444 0.0859375 0.10694444444444444
3 0.566015625 0.6895833333333333 0.06484375 0.059722222222222225
3 0.8375 0.7541666666666667 0.0625 0.125
3 0.697265625 0.7909722222222222 0.02890625 0.059722222222222225
3 0.427734375 0.7104166666666667 0.05390625 0.06805555555555555
3 0.475 0.68125 0.06875 0.06805555555555555