3 0.246484375 0.4979166666666667 0.4875 0.9958333333333333
2 0.45625 0.8236111111111111 0.040625 0.08888888888888889
2 0.9703125 0.8736111111111111 0.0578125 0.25
2 0.606640625 0.8631944444444445 0.06953125 0.2708333333333333
2 0.708984375 0.8784722222222222 0.11484375 0.24027777777777778
2 0.406640625 0.84375 0.03515625 0.08194444444444444
2 0.79921875 0.8527777777777777 0.0984375 0.2916666666666667
2 0.569921875 0.8486111111111111 0.06953125 0.3
3 0.493359375 0.9194444444444444 0.09609375 0.15555555555555556
3 0.792578125 0.43819444444444444 0.41171875 0.8763888888888889
3 0.280078125 0.8 0.11484375 0.29444444444444445
3 0.76875 0.6520833333333333 0.0953125 0.16527777777777777
3 0.86640625 0.6965277777777777 0.06875 0.13194444444444445