2 0.194921875 0.6159722222222223 0.05546875 0.14027777777777778
2 0.421875 0.5666666666666667 0.021875 0.06388888888888888
1 0.36171875 0.7652777777777777 0.721875 0.4638888888888889
1 0.349609375 0.7368055555555556 0.04609375 0.1375
1 0.412890625 0.6555555555555556 0.03671875 0.18333333333333332
1 0.1125 0.8979166666666667 0.0734375 0.1986111111111111
3 0.868359375 0.225 0.11484375 0.2361111111111111
3 0.19296875 0.32222222222222224 0.078125 0.2861111111111111
3 0.756640625 0.33125 0.07734375 0.1736111111111111
3 0.639453125 0.36875 0.05078125 0.21805555555555556
3 0.596484375 0.3715277777777778 0.06640625 0.3263888888888889
3 0.94296875 0.4736111111111111 0.10625 0.21388888888888888
3 0.52421875 0.30486111111111114 0.078125 0.31527777777777777
3 0.253515625 0.32569444444444445 0.06015625 0.2791666666666667
3 0.28984375 0.3590277777777778 0.0703125 0.3013888888888889
3 0.065625 0.3277777777777778 0.0984375 0.3277777777777778
3 0.229296875 0.39305555555555555 0.05546875 0.16111111111111112
3 0.67890625 0.38125 0.0765625 0.10694444444444444
3 0.353125 0.5381944444444444 0.109375 0.28194444444444444
3 0.695703125 0.3263888888888889 0.06640625 0.16666666666666666
3 0.315625 0.34652777777777777 0.0609375 0.12361111111111112
3 0.355078125 0.32569444444444445 0.06640625 0.2152777777777778
3 0.030859375 0.35625 0.06171875 0.2875
3 0.54375 0.3736111111111111 0.05 0.20833333333333334
3 0.11015625 0.43194444444444446 0.06875 0.13333333333333333
3 0.176171875 0.4152777777777778 0.05234375 0.08611111111111111
3 0.410546875 0.32013888888888886 0.07109375 0.30972222222222223
3 0.785546875 0.40069444444444446 0.02734375 0.05416666666666667
3 0.465625 0.33194444444444443 0.078125 0.325
3 0.50390625 0.5263888888888889 0.0828125 0.15555555555555556
3 0.05859375 0.7138888888888889 0.1125 0.19444444444444445
3 0.08671875 0.3611111111111111 0.0453125 0.07777777777777778
3 0.722265625 0.3993055555555556 0.03203125 0.043055555555555555
3 0.65078125 0.41597222222222224 0.03125 0.059722222222222225
3 0.439453125 0.5416666666666666 0.06328125 0.175
3 0.120703125 0.29305555555555557 0.01953125 0.1527777777777778
3 0.54375 0.3173611111111111 0.0484375 0.09305555555555556
3 0.01953125 0.4479166666666667 0.0390625 0.10972222222222222
3 0.571484375 0.3972222222222222 0.04765625 0.2611111111111111
3 0.25 0.5680555555555555 0.0390625 0.20277777777777778
3 0.25 0.5666666666666667 0.078125 0.20833333333333334