2 0.70859375 0.07430555555555556 0.01875 0.08194444444444444
2 0.44921875 0.029861111111111113 0.01875 0.04583333333333333
2 0.280859375 0.06944444444444445 0.03515625 0.1388888888888889
2 0.48828125 0.02847222222222222 0.0125 0.04027777777777778
2 0.5359375 0.05277777777777778 0.021875 0.10555555555555556
2 0.8421875 0.10208333333333333 0.025 0.09027777777777778
1 0.876171875 0.22291666666666668 0.24453125 0.09027777777777778
3 0.590234375 0.2298611111111111 0.16015625 0.2847222222222222
3 0.36484375 0.17777777777777778 0.0546875 0.1388888888888889
3 0.751953125 0.13680555555555557 0.03984375 0.27361111111111114
3 0.190234375 0.13125 0.06015625 0.2625
3 0.946484375 0.07013888888888889 0.03046875 0.14027777777777778
3 0.449609375 0.09375 0.11640625 0.1125
3 0.625 0.06388888888888888 0.021875 0.075
3 0.66796875 0.05347222222222222 0.0234375 0.10694444444444444
3 0.356640625 0.03611111111111111 0.06328125 0.06944444444444445
3 0.88125 0.12222222222222222 0.0515625 0.06666666666666667