3 0.381640625 0.4652777777777778 0.023046875 0.08402777777777778
3 0.397265625 0.7472222222222222 0.030078125 0.08333333333333333
3 0.361328125 0.47152777777777777 0.023828125 0.075
3 0.409765625 0.15902777777777777 0.020703125 0.049305555555555554
3 0.599609375 0.7118055555555556 0.03125 0.06875
3 0.636328125 0.7229166666666667 0.030078125 0.08611111111111111
3 0.133984375 0.3104166666666667 0.038671875 0.08611111111111111
3 0.812890625 0.7354166666666667 0.033203125 0.052083333333333336
3 0.18203125 0.3854166666666667 0.025390625 0.06736111111111111
3 0.533203125 0.47847222222222224 0.0234375 0.08958333333333333
3 0.515234375 0.10833333333333334 0.021484375 0.04097222222222222
3 0.083203125 0.2881944444444444 0.011328125 0.06388888888888888
3 0.241015625 0.9756944444444444 0.030859375 0.04513888888888889
3 0.167578125 0.7666666666666667 0.027734375 0.07013888888888889
3 0.926953125 0.3840277777777778 0.026171875 0.06944444444444445
3 0.346875 0.27152777777777776 0.0375 0.06666666666666667
3 0.157421875 0.4826388888888889 0.036328125 0.07430555555555556
3 0.35859375 0.6319444444444444 0.024609375 0.08263888888888889
3 0.1703125 0.7131944444444445 0.029296875 0.049305555555555554
3 0.524609375 0.7798611111111111 0.026953125 0.08402777777777778
3 0.3390625 0.7576388888888889 0.01875 0.09652777777777778
3 0.588671875 0.19930555555555557 0.019140625 0.05347222222222222
3 0.1625 0.5631944444444444 0.033203125 0.05625
3 0.49765625 0.4888888888888889 0.0265625 0.07430555555555556
3 0.47421875 0.5666666666666667 0.018359375 0.04236111111111111
3 0.689453125 0.11458333333333333 0.0296875 0.06736111111111111
3 0.95703125 0.18263888888888888 0.031640625 0.06597222222222222
3 0.231640625 0.4826388888888889 0.041796875 0.06319444444444444
3 0.601953125 0.78125 0.028125 0.08333333333333333
3 0.721484375 0.24791666666666667 0.0296875 0.06597222222222222
3 0.317578125 0.9534722222222223 0.183984375 0.08958333333333333
3 0.444921875 0.5763888888888888 0.020703125 0.08611111111111111
3 0.745703125 0.3541666666666667 0.024609375 0.06944444444444445
3 0.3515625 0.3625 0.03125 0.05625
3 0.5703125 0.7201388888888889 0.028125 0.06041666666666667
3 0.604296875 0.19930555555555557 0.012109375 0.044444444444444446
3 0.02109375 0.34305555555555556 0.0265625 0.05625
3 0.581640625 0.7791666666666667 0.025 0.08402777777777778
3 0.64375 0.4979166666666667 0.028125 0.06180555555555556
3 0.494921875 0.7229166666666667 0.028515625 0.10555555555555556
3 0.084765625 0.7909722222222222 0.050390625 0.18888888888888888
3 0.225390625 0.6381944444444444 0.091015625 0.26875
3 0.626171875 0.7868055555555555 0.0265625 0.06736111111111111
3 0.907421875 0.25069444444444444 0.025 0.06944444444444445
3 0.659375 0.7604166666666666 0.028125 0.12291666666666666
3 0.680078125 0.9284722222222223 0.033984375 0.05347222222222222
3 0.15703125 0.3993055555555556 0.0203125 0.059027777777777776
3 0.471484375 0.6402777777777777 0.017578125 0.03958333333333333
3 0.087109375 0.7270833333333333 0.039453125 0.06319444444444444
3 0.698828125 0.7868055555555555 0.0265625 0.075
3 0.308203125 0.47291666666666665 0.019921875 0.07013888888888889
3 0.3921875 0.05625 0.023046875 0.044444444444444446
3 0.54609375 0.7756944444444445 0.025390625 0.09097222222222222
3 0.366015625 0.7951388888888888 0.040234375 0.0798611111111111
3 0.083984375 0.48194444444444445 0.054296875 0.19166666666666668
3 0.251953125 0.31319444444444444 0.012109375 0.027083333333333334
3 0.398046875 0.3298611111111111 0.034375 0.07013888888888889
3 0.433984375 0.31527777777777777 0.043359375 0.09166666666666666
3 0.290234375 0.46875 0.024609375 0.07222222222222222
3 0.589453125 0.46805555555555556 0.03125 0.06944444444444445
3 0.98203125 0.12569444444444444 0.024609375 0.050694444444444445
3 0.687890625 0.36875 0.022265625 0.05763888888888889
3 0.680078125 0.95 0.1453125 0.09652777777777778
3 0.37109375 0.5652777777777778 0.018359375 0.06180555555555556
3 0.14453125 0.2534722222222222 0.0296875 0.075
3 0.66640625 0.48819444444444443 0.019140625 0.08888888888888889
3 0.2953125 0.7270833333333333 0.026953125 0.05347222222222222
3 0.7515625 0.2923611111111111 0.015625 0.03958333333333333
3 0.434765625 0.07847222222222222 0.034765625 0.04097222222222222
3 0.081640625 0.43819444444444444 0.03125 0.09652777777777778
3 0.8765625 0.30277777777777776 0.019921875 0.05347222222222222
3 0.631640625 0.7534722222222222 0.241796875 0.15347222222222223
3 0.490234375 0.5395833333333333 0.0171875 0.029861111111111113
3 0.448828125 0.16180555555555556 0.0125 0.05625
0 0.375390625 0.8625 0.021875 0.019444444444444445
0 0.454296875 0.9333333333333333 0.025390625 0.02013888888888889
0 0.544140625 0.8590277777777777 0.023046875 0.02013888888888889
0 0.581640625 0.86875 0.022265625 0.021527777777777778
0 0.438671875 0.8673611111111111 0.022265625 0.019444444444444445
0 0.219140625 0.8597222222222223 0.021484375 0.019444444444444445
0 0.249609375 0.83125 0.021875 0.01875
0 0.16640625 0.9243055555555556 0.0109375 0.02847222222222222
0 0.122265625 0.02361111111111111 0.005859375 0.011805555555555555
0 0.534765625 0.94375 0.023828125 0.022222222222222223
0 0.33515625 0.8340277777777778 0.022265625 0.022916666666666665
0 0.419140625 0.9715277777777778 0.0203125 0.022222222222222223
0 0.153515625 0.8138888888888889 0.018359375 0.027777777777777776
0 0.108203125 0.34930555555555554 0.007421875 0.016666666666666666
0 0.051171875 0.4909722222222222 0.008984375 0.019444444444444445
0 0.067578125 0.6847222222222222 0.008984375 0.019444444444444445
0 0.777734375 0.9354166666666667 0.025390625 0.021527777777777778
0 0.745703125 0.9340277777777778 0.025 0.02013888888888889
0 0.0734375 0.90625 0.0125 0.03333333333333333
0 0.101171875 0.2048611111111111 0.006640625 0.013194444444444444
0 0.2078125 0.9916666666666667 0.013671875 0.014583333333333334
0 0.11953125 0.6722222222222223 0.009765625 0.016666666666666666
0 0.93984375 0.94375 0.025390625 0.01875
0 0.126171875 0.7534722222222222 0.012109375 0.03125
0 0.055859375 0.7027777777777777 0.0109375 0.027777777777777776
0 0.952734375 0.8868055555555555 0.024609375 0.016666666666666666
0 0.837890625 0.88125 0.026171875 0.022222222222222223
0 0.0390625 0.6701388888888888 0.010546875 0.013194444444444444
0 0.334375 0.9131944444444444 0.025 0.021527777777777778
0 0.616015625 0.9506944444444444 0.025390625 0.027777777777777776
0 0.6953125 0.8770833333333333 0.023046875 0.019444444444444445
0 0.077734375 0.11944444444444445 0.00625 0.011111111111111112
0 0.869921875 0.8840277777777777 0.0234375 0.02013888888888889
0 0.869140625 0.9388888888888889 0.0265625 0.02013888888888889
0 0.184375 0.8201388888888889 0.020703125 0.021527777777777778
0 0.060546875 0.44375 0.008203125 0.017361111111111112
0 0.911328125 0.8854166666666666 0.022265625 0.014583333333333334
0 0.356640625 0.9131944444444444 0.021484375 0.02013888888888889
0 0.129296875 0.4354166666666667 0.0078125 0.01597222222222222
0 0.175390625 0.8416666666666667 0.019140625 0.022222222222222223
0 0.77578125 0.8465277777777778 0.018359375 0.025694444444444443
0 0.71328125 0.9340277777777778 0.022265625 0.02013888888888889
0 0.783203125 0.88125 0.025 0.019444444444444445
0 0.2171875 0.8333333333333334 0.01875 0.016666666666666666
0 0.724609375 0.8784722222222222 0.023046875 0.019444444444444445
0 0.791015625 0.9645833333333333 0.025 0.01875
0 0.113671875 0.44722222222222224 0.008984375 0.016666666666666666
0 0.155859375 0.7388888888888889 0.009375 0.024305555555555556
0 0.7078125 0.8569444444444444 0.023828125 0.021527777777777778
0 0.934375 0.8423611111111111 0.025 0.019444444444444445
0 0.38671875 0.7805555555555556 0.0171875 0.024305555555555556
0 0.752734375 0.8798611111111111 0.024609375 0.02013888888888889
0 0.983984375 0.8430555555555556 0.026953125 0.019444444444444445
0 0.1203125 0.3298611111111111 0.008203125 0.01597222222222222
0 0.3625 0.8340277777777778 0.01875 0.019444444444444445
0 0.047265625 0.4548611111111111 0.008203125 0.017361111111111112
0 0.959765625 0.84375 0.0234375 0.01875
0 0.901171875 0.9895833333333334 0.028125 0.01875
0 0.902734375 0.9395833333333333 0.0234375 0.022222222222222223
0 0.261328125 0.9944444444444445 0.021484375 0.009027777777777777
0 0.991015625 0.9659722222222222 0.016796875 0.017361111111111112
1 0.491015625 0.5708333333333333 0.01328125 0.035416666666666666
1 0.4171875 0.5763888888888888 0.03515625 0.050694444444444445
1 0.357421875 0.3347222222222222 0.055859375 0.02638888888888889
3 0.5609375 0.6347222222222222 0.01484375 0.04861111111111111
1 0.543359375 0.6375 0.015625 0.04722222222222222
1 0.497265625 0.6354166666666666 0.033203125 0.04791666666666667
1 0.422265625 0.6430555555555556 0.013671875 0.044444444444444446