2 0.959765625 0.45694444444444443 0.01875 0.049305555555555554
2 0.501171875 0.45694444444444443 0.014453125 0.075
2 0.4296875 0.43472222222222223 0.009375 0.03263888888888889
2 0.454296875 0.44375 0.0109375 0.06111111111111111
3 0.757421875 0.5298611111111111 0.484375 0.5354166666666667
1 0.244921875 0.5131944444444444 0.059375 0.08125
1 0.316015625 0.4861111111111111 0.041796875 0.05
3 0.321484375 0.2465277777777778 0.321484375 0.49236111111111114
3 0.53359375 0.27152777777777776 0.1578125 0.36319444444444443
3 0.072265625 0.425 0.14453125 0.38333333333333336
3 0.946484375 0.3909722222222222 0.1046875 0.175
3 0.621875 0.40902777777777777 0.095703125 0.1326388888888889
3 0.894140625 0.8444444444444444 0.178125 0.3055555555555556
3 0.452734375 0.3645833333333333 0.067578125 0.17291666666666666
3 0.79375 0.3715277777777778 0.151953125 0.18819444444444444
3 0.757421875 0.22777777777777777 0.060546875 0.07013888888888889
3 0.859375 0.2520833333333333 0.048828125 0.06944444444444445
3 0.326953125 0.3298611111111111 0.146875 0.33125
3 0.698828125 0.21736111111111112 0.053125 0.09097222222222222
3 0.660546875 0.22569444444444445 0.038671875 0.06875
3 0.680859375 0.4395833333333333 0.070703125 0.08819444444444445
3 0.18671875 0.47152777777777777 0.055859375 0.11388888888888889