2 0.515625 0.6215277777777778 0.046875 0.23472222222222222
2 0.186328125 0.7326388888888888 0.02109375 0.0763888888888889
2 0.560546875 0.6208333333333333 0.04453125 0.24166666666666667
2 0.85625 0.6055555555555555 0.0484375 0.1111111111111111
2 0.078515625 0.7805555555555556 0.02578125 0.09166666666666666
2 0.637109375 0.5534722222222223 0.02890625 0.16805555555555557
2 0.7890625 0.6027777777777777 0.0578125 0.275
2 0.674609375 0.6131944444444445 0.05078125 0.23194444444444445
2 0.266796875 0.7055555555555556 0.01484375 0.058333333333333334
2 0.76171875 0.5666666666666667 0.040625 0.20833333333333334
1 0.2484375 0.7361111111111112 0.490625 0.2722222222222222
1 0.35078125 0.5208333333333334 0.2203125 0.19444444444444445
3 0.312890625 0.29444444444444445 0.13671875 0.4861111111111111
3 0.2296875 0.2548611111111111 0.11875 0.23194444444444445
3 0.050390625 0.2673611111111111 0.10078125 0.12638888888888888
3 0.6515625 0.3770833333333333 0.14375 0.10416666666666667
3 0.983203125 0.07847222222222222 0.03203125 0.15694444444444444
3 0.479296875 0.4083333333333333 0.04765625 0.06388888888888888
3 0.950390625 0.50625 0.09609375 0.19583333333333333