2 0.78984375 0.9756944444444444 0.006640625 0.03125
1 0.278515625 0.5472222222222223 0.070703125 0.1076388888888889
3 0.137890625 0.42569444444444443 0.047265625 0.13402777777777777
3 0.10625 0.4625 0.046875 0.11736111111111111
3 0.329296875 0.3229166666666667 0.039453125 0.12291666666666666
3 0.723046875 0.4465277777777778 0.046484375 0.14375
3 0.523828125 0.7756944444444445 0.059765625 0.15625
3 0.688671875 0.48819444444444443 0.0453125 0.10347222222222222
3 0.4171875 0.024305555555555556 0.030078125 0.04791666666666667
3 0.376953125 0.24513888888888888 0.0421875 0.11180555555555556
3 0.638671875 0.5534722222222223 0.05625 0.09236111111111112
3 0.881640625 0.9118055555555555 0.093359375 0.17152777777777778
3 0.417578125 0.41041666666666665 0.037890625 0.0798611111111111
3 0.94609375 0.45625 0.019140625 0.03680555555555556
3 0.733203125 0.25555555555555554 0.040234375 0.10555555555555556
3 0.773046875 0.28194444444444444 0.0390625 0.11180555555555556
3 0.144140625 0.8972222222222223 0.061328125 0.1111111111111111
3 0.051171875 0.24097222222222223 0.053515625 0.11180555555555556
3 0.390234375 0.9333333333333333 0.066015625 0.12777777777777777
3 0.205859375 0.90625 0.065234375 0.1111111111111111
3 0.333203125 0.5027777777777778 0.028515625 0.04652777777777778
3 0.643359375 0.22569444444444445 0.034375 0.19375
3 0.938671875 0.80625 0.069140625 0.11875
3 0.443359375 0.5923611111111111 0.0375 0.15
3 0.44609375 0.19375 0.028515625 0.11875
3 0.421875 0.22152777777777777 0.036328125 0.15208333333333332
3 0.443359375 0.5451388888888888 0.037109375 0.05486111111111111
3 0.154296875 0.3284722222222222 0.0265625 0.04236111111111111
3 0.52578125 0.91875 0.074609375 0.15625
3 0.701171875 0.5958333333333333 0.050390625 0.10833333333333334
3 0.4484375 0.03680555555555556 0.0296875 0.07361111111111111
3 0.544140625 0.8951388888888889 0.0390625 0.10347222222222222
3 0.513671875 0.8930555555555556 0.049609375 0.10277777777777777
3 0.489453125 0.1701388888888889 0.028125 0.11180555555555556
3 0.98125 0.6409722222222223 0.036328125 0.09652777777777778
3 0.351953125 0.39861111111111114 0.026953125 0.041666666666666664
3 0.476953125 0.6798611111111111 0.034765625 0.06180555555555556
3 0.46796875 0.18958333333333333 0.0328125 0.13055555555555556
3 0.81328125 0.44166666666666665 0.0453125 0.1076388888888889
3 0.4015625 0.6638888888888889 0.034375 0.08541666666666667
3 0.36875 0.5 0.028125 0.10902777777777778
3 0.223046875 0.9541666666666667 0.059375 0.08819444444444445
3 0.694921875 0.20555555555555555 0.033984375 0.06666666666666667
3 0.781640625 0.39444444444444443 0.037109375 0.11458333333333333
3 0.614453125 0.06111111111111111 0.0390625 0.07013888888888889
3 0.0234375 0.8493055555555555 0.046875 0.12291666666666666
3 0.608203125 0.1451388888888889 0.0296875 0.09236111111111112
3 0.755078125 0.40625 0.043359375 0.13333333333333333
3 0.367578125 0.86875 0.033984375 0.08958333333333333
3 0.3765625 0.36041666666666666 0.026953125 0.04791666666666667
3 0.31484375 0.48541666666666666 0.027734375 0.059027777777777776
3 0.212109375 0.4777777777777778 0.018359375 0.044444444444444446
3 0.665234375 0.19444444444444445 0.028125 0.08680555555555555
3 0.270703125 0.4875 0.028125 0.03819444444444445
3 0.0390625 0.22013888888888888 0.078125 0.20625
3 0.230078125 0.5881944444444445 0.028125 0.09652777777777778
3 0.409375 0.6 0.032421875 0.04791666666666667
3 0.108203125 0.8930555555555556 0.046484375 0.14375
3 0.306640625 0.8506944444444444 0.036328125 0.08958333333333333
3 0.36953125 0.46597222222222223 0.0265625 0.04097222222222222
3 0.295703125 0.4534722222222222 0.0234375 0.03333333333333333
3 0.281640625 0.7013888888888888 0.0375 0.11597222222222223
3 0.507421875 0.19236111111111112 0.028515625 0.10625
3 0.392578125 0.30833333333333335 0.03125 0.05
3 0.570703125 0.5694444444444444 0.026953125 0.05
3 0.565625 0.05763888888888889 0.034375 0.04722222222222222
3 0.5453125 0.5791666666666667 0.021875 0.07847222222222222
3 0.019921875 0.5465277777777777 0.03984375 0.1125
3 0.521484375 0.6368055555555555 0.034765625 0.06041666666666667
3 0.965234375 0.7590277777777777 0.044921875 0.09444444444444444
3 0.239453125 0.4861111111111111 0.033203125 0.05555555555555555
3 0.896484375 0.88125 0.062890625 0.11041666666666666
3 0.312890625 0.7472222222222222 0.030078125 0.13125
3 0.25 0.41875 0.026953125 0.035416666666666666
3 0.491015625 0.6152777777777778 0.037109375 0.07847222222222222
3 0.833203125 0.2965277777777778 0.041015625 0.08055555555555556
3 0.580859375 0.42291666666666666 0.017578125 0.03680555555555556
3 0.546875 0.1423611111111111 0.028125 0.11597222222222223
3 0.768359375 0.5131944444444444 0.065234375 0.1423611111111111
3 0.34765625 0.43819444444444444 0.0234375 0.04236111111111111
0 0.872265625 0.5701388888888889 0.019921875 0.04236111111111111
0 0.690625 0.9243055555555556 0.029296875 0.050694444444444445
0 0.8296875 0.7770833333333333 0.030078125 0.04791666666666667
0 0.759765625 0.6569444444444444 0.045703125 0.08055555555555556
0 0.90703125 0.36736111111111114 0.031640625 0.03263888888888889
0 0.988671875 0.25625 0.021484375 0.03125
0 0.759765625 0.2326388888888889 0.015234375 0.017361111111111112
0 0.87578125 0.8263888888888888 0.0265625 0.04375
0 0.86796875 0.8444444444444444 0.0421875 0.08125
0 0.512109375 0.21041666666666667 0.026953125 0.030555555555555555
0 0.985546875 0.6618055555555555 0.0265625 0.04513888888888889
0 0.859765625 0.8638888888888889 0.024609375 0.04097222222222222
0 0.647265625 0.6604166666666667 0.032421875 0.04791666666666667
1 0.462109375 0.5076388888888889 0.0875 0.11041666666666666