2 0.08046875 0.9604166666666667 0.012109375 0.034027777777777775
2 0.958984375 0.8027777777777778 0.007421875 0.029861111111111113
2 0.137890625 0.9423611111111111 0.008984375 0.03680555555555556
1 0.808984375 0.78125 0.081640625 0.12152777777777778
3 0.025390625 0.7680555555555556 0.047265625 0.12291666666666666
3 0.248828125 0.18819444444444444 0.03125 0.06180555555555556
3 0.8171875 0.2423611111111111 0.026953125 0.07013888888888889
3 0.329296875 0.3951388888888889 0.068359375 0.08263888888888889
3 0.43984375 0.42430555555555555 0.059765625 0.08819444444444445
3 0.294921875 0.14930555555555555 0.021484375 0.07569444444444444
3 0.980859375 0.80625 0.037109375 0.05555555555555555
3 0.189453125 0.8979166666666667 0.039453125 0.13541666666666666
3 0.251171875 0.8479166666666667 0.058203125 0.1909722222222222
3 0.868359375 0.24027777777777778 0.034375 0.09722222222222222
3 0.8828125 0.7083333333333334 0.023046875 0.03888888888888889
3 0.201171875 0.5881944444444445 0.021484375 0.05277777777777778
3 0.316796875 0.034027777777777775 0.03125 0.04513888888888889
3 0.959375 0.8645833333333334 0.03125 0.05555555555555555
3 0.688671875 0.6201388888888889 0.038671875 0.07847222222222222
3 0.669140625 0.8708333333333333 0.069921875 0.11388888888888889
3 0.857421875 0.7444444444444445 0.025390625 0.052083333333333336
3 0.648828125 0.5375 0.023046875 0.03611111111111111
3 0.68828125 0.70625 0.040234375 0.24930555555555556
3 0.10703125 0.93125 0.0265625 0.11875
3 0.426171875 0.5659722222222222 0.051953125 0.08819444444444445
3 0.27265625 0.7111111111111111 0.047265625 0.15208333333333332
3 0.662890625 0.6680555555555555 0.0375 0.07708333333333334
3 0.520703125 0.09930555555555555 0.022265625 0.05277777777777778
3 0.06328125 0.10069444444444445 0.0328125 0.059027777777777776
3 0.846484375 0.6347222222222222 0.023046875 0.06041666666666667
3 0.277734375 0.7430555555555556 0.030859375 0.08819444444444445
3 0.662890625 0.7381944444444445 0.037890625 0.21944444444444444
3 0.164453125 0.05347222222222222 0.048828125 0.08055555555555556
3 0.79609375 0.8222222222222222 0.025390625 0.07222222222222222
3 0.869921875 0.47638888888888886 0.041796875 0.07847222222222222
3 0.83515625 0.7222222222222222 0.024609375 0.05347222222222222
3 0.27109375 0.6055555555555555 0.0203125 0.05
3 0.566015625 0.8527777777777777 0.152734375 0.28888888888888886
3 0.573046875 0.9444444444444444 0.053125 0.10555555555555556
3 0.453515625 0.5326388888888889 0.053515625 0.07777777777777778
3 0.8546875 0.6770833333333334 0.030078125 0.04236111111111111
3 0.530078125 0.4354166666666667 0.041015625 0.10625
3 0.551953125 0.9194444444444444 0.0546875 0.14444444444444443
3 0.986328125 0.37222222222222223 0.0265625 0.08680555555555555
3 0.786328125 0.26875 0.027734375 0.04791666666666667
3 0.6875 0.07361111111111111 0.032421875 0.06736111111111111
3 0.863671875 0.5944444444444444 0.023046875 0.04236111111111111
3 0.92109375 0.9722222222222222 0.034765625 0.052083333333333336
3 0.240234375 0.6458333333333334 0.012109375 0.03611111111111111
3 0.613671875 0.40347222222222223 0.033203125 0.04722222222222222
3 0.66953125 0.07152777777777777 0.021484375 0.06388888888888888
3 0.305859375 0.5756944444444444 0.016796875 0.04722222222222222
3 0.395703125 0.9840277777777777 0.0359375 0.027777777777777776
3 0.5484375 0.32013888888888886 0.014453125 0.04375
3 0.688671875 0.07916666666666666 0.058984375 0.08611111111111111
3 0.498828125 0.3798611111111111 0.046484375 0.09375
3 0.831640625 0.5277777777777778 0.028515625 0.04652777777777778
3 0.79140625 0.7159722222222222 0.0203125 0.034027777777777775
3 0.626171875 0.7854166666666667 0.031640625 0.06666666666666667
3 0.908203125 0.43333333333333335 0.0484375 0.08541666666666667
3 0.049609375 0.050694444444444445 0.040234375 0.059027777777777776
3 0.78203125 0.6090277777777777 0.024609375 0.05347222222222222
3 0.471484375 0.35347222222222224 0.0578125 0.09444444444444444
3 0.97109375 0.28541666666666665 0.040234375 0.05763888888888889
3 0.896484375 0.5604166666666667 0.022265625 0.04513888888888889
3 0.5359375 0.09444444444444444 0.013671875 0.059027777777777776
3 0.909765625 0.6520833333333333 0.044140625 0.08541666666666667
3 0.7765625 0.11319444444444444 0.017578125 0.06041666666666667
3 0.874609375 0.9479166666666666 0.05 0.10069444444444445
3 0.878515625 0.925 0.03125 0.05555555555555555
3 0.700390625 0.7645833333333333 0.025390625 0.06180555555555556
3 0.602734375 0.7409722222222223 0.0390625 0.06597222222222222
3 0.923046875 0.4979166666666667 0.1515625 0.33402777777777776
3 0.639453125 0.36319444444444443 0.0234375 0.03611111111111111
3 0.83359375 0.9090277777777778 0.027734375 0.06041666666666667
3 0.316796875 0.05694444444444444 0.032421875 0.09375
3 0.809765625 0.6958333333333333 0.0234375 0.05486111111111111
3 0.967578125 0.9131944444444444 0.0296875 0.059027777777777776
0 0.7578125 0.17430555555555555 0.015625 0.013888888888888888
0 0.920703125 0.32916666666666666 0.012890625 0.019444444444444445
0 0.9625 0.3215277777777778 0.021875 0.017361111111111112
1 0.397265625 0.49027777777777776 0.08125 0.08402777777777778