2 0.709765625 0.51875 0.03671875 0.1486111111111111
2 0.3859375 0.47152777777777777 0.025 0.13472222222222222
2 0.5046875 0.45902777777777776 0.021875 0.1125
2 0.020703125 0.3638888888888889 0.01640625 0.03611111111111111
2 0.546484375 0.4673611111111111 0.02421875 0.10694444444444444
1 0.65234375 0.4173611111111111 0.034375 0.0763888888888889
3 0.5359375 0.38125 0.06875 0.12916666666666668
3 0.12734375 0.3333333333333333 0.165625 0.22777777777777777
3 0.402734375 0.3763888888888889 0.08671875 0.125
3 0.023046875 0.28958333333333336 0.04609375 0.1375
3 0.465234375 0.3770833333333333 0.03671875 0.12083333333333333
3 0.687109375 0.3277777777777778 0.06015625 0.08611111111111111
3 0.686328125 0.3645833333333333 0.06796875 0.1597222222222222
3 0.746484375 0.4125 0.02890625 0.09444444444444444
3 0.460546875 0.4 0.03046875 0.07222222222222222
3 0.706640625 0.40555555555555556 0.10703125 0.09722222222222222
3 0.2015625 0.38263888888888886 0.1015625 0.15694444444444444
3 0.07421875 0.42569444444444443 0.06875 0.05694444444444444
3 0.719921875 0.4097222222222222 0.03515625 0.08333333333333333
3 0.68046875 0.40208333333333335 0.053125 0.0875
3 0.26875 0.4097222222222222 0.04375 0.14166666666666666
3 0.428515625 0.3819444444444444 0.03828125 0.09722222222222222
3 0.145703125 0.34930555555555554 0.28984375 0.2652777777777778