2 0.687890625 0.7111111111111111 0.02734375 0.1361111111111111
2 0.5875 0.5743055555555555 0.01875 0.10972222222222222
2 0.620703125 0.5965277777777778 0.02734375 0.10416666666666667
2 0.64453125 0.5805555555555556 0.0203125 0.030555555555555555
3 0.11171875 0.4722222222222222 0.0453125 0.14166666666666666
3 0.47578125 0.5798611111111112 0.13125 0.2569444444444444
3 0.14609375 0.4708333333333333 0.0453125 0.14166666666666666
3 0.404296875 0.48055555555555557 0.03828125 0.09722222222222222
3 0.300390625 0.6611111111111111 0.06484375 0.16111111111111112
3 0.165625 0.8972222222222223 0.3109375 0.2
3 0.486328125 0.4173611111111111 0.02734375 0.07916666666666666