2 0.548046875 0.7458333333333333 0.01171875 0.06666666666666667
2 0.203125 0.7868055555555555 0.0109375 0.04861111111111111
2 0.262109375 0.7777777777777778 0.01328125 0.07222222222222222
2 0.251171875 0.7798611111111111 0.01953125 0.0763888888888889
1 0.499609375 0.7680555555555556 0.99609375 0.45555555555555555
3 0.91484375 0.37222222222222223 0.16875 0.7444444444444445
3 0.5265625 0.60625 0.0328125 0.09027777777777778
3 0.596484375 0.6166666666666667 0.02734375 0.05555555555555555
3 0.78203125 0.7368055555555556 0.1609375 0.3013888888888889
3 0.125 0.5451388888888888 0.25 0.4986111111111111
3 0.7734375 0.5506944444444445 0.2671875 0.36527777777777776
3 0.453515625 0.7097222222222223 0.06484375 0.14444444444444443
3 0.566796875 0.6201388888888889 0.02578125 0.043055555555555555
3 0.327734375 0.5972222222222222 0.16484375 0.35833333333333334
3 0.95234375 0.7083333333333334 0.040625 0.075
3 0.623046875 0.6270833333333333 0.03359375 0.034722222222222224
3 0.546484375 0.6305555555555555 0.01796875 0.027777777777777776