2 0.93515625 0.6715277777777777 0.028125 0.12083333333333333
2 0.294921875 0.6708333333333333 0.02265625 0.11666666666666667
2 0.128125 0.7 0.0296875 0.11944444444444445
2 0.155078125 0.6715277777777777 0.02890625 0.10138888888888889
2 0.29765625 0.9826388888888888 0.025 0.03194444444444444
2 0.9546875 0.5868055555555556 0.0171875 0.0875
2 0.662890625 0.7472222222222222 0.03203125 0.13333333333333333
2 0.57265625 0.55 0.0140625 0.06666666666666667
2 0.3953125 0.6611111111111111 0.0203125 0.05555555555555555
2 0.370703125 0.6659722222222222 0.01953125 0.07361111111111111
2 0.934765625 0.5826388888888889 0.01328125 0.07361111111111111
2 0.648828125 0.9486111111111111 0.02734375 0.1
2 0.890625 0.6555555555555556 0.03125 0.11388888888888889
1 0.494921875 0.39444444444444443 0.05078125 0.09166666666666666
3 0.553515625 0.42430555555555555 0.04453125 0.10972222222222222
3 0.434375 0.4215277777777778 0.046875 0.09583333333333334