2 0.9375 0.8701388888888889 0.1234375 0.2569444444444444
2 0.8640625 0.9055555555555556 0.1671875 0.18611111111111112
2 0.320703125 0.7159722222222222 0.01484375 0.0375
2 0.43828125 0.7069444444444445 0.01875 0.044444444444444446
2 0.265625 0.7118055555555556 0.009375 0.04027777777777778
2 0.29296875 0.7458333333333333 0.0140625 0.025
1 0.6453125 0.7625 0.7046875 0.41944444444444445
3 0.66875 0.4826388888888889 0.103125 0.43194444444444446
3 0.765625 0.4013888888888889 0.10625 0.4083333333333333
3 0.849609375 0.4083333333333333 0.09453125 0.36666666666666664
3 0.946875 0.39791666666666664 0.0546875 0.1875
3 0.883984375 0.4222222222222222 0.05390625 0.3111111111111111
3 0.916015625 0.3840277777777778 0.05703125 0.22916666666666666
3 0.1828125 0.7652777777777777 0.09375 0.10277777777777777
3 0.013671875 0.035416666666666666 0.02734375 0.07083333333333333
3 0.737109375 0.4354166666666667 0.03984375 0.04027777777777778
3 0.98515625 0.4201388888888889 0.028125 0.15416666666666667
3 0.40390625 0.6958333333333333 0.040625 0.06666666666666667
3 0.91484375 0.4222222222222222 0.103125 0.30833333333333335
3 0.898046875 0.4083333333333333 0.19296875 0.36944444444444446
0 0.85390625 0.7958333333333333 0.0921875 0.09166666666666666