3 0.68359375 0.4423611111111111 0.2078125 0.8847222222222222
3 0.125 0.31875 0.25 0.6375
3 0.298046875 0.2881944444444444 0.25390625 0.5763888888888888
3 0.212890625 0.3854166666666667 0.42421875 0.7708333333333334
2 0.1734375 0.7388888888888889 0.0734375 0.4083333333333333
2 0.948046875 0.7930555555555555 0.10234375 0.4083333333333333
2 0.247265625 0.7388888888888889 0.08046875 0.3888888888888889
2 0.4953125 0.7368055555555556 0.078125 0.39861111111111114
2 0.336328125 0.6909722222222222 0.06796875 0.3597222222222222
2 0.38671875 0.7347222222222223 0.071875 0.3972222222222222
2 0.2875 0.6826388888888889 0.04375 0.2652777777777778
2 0.4390625 0.6763888888888889 0.05 0.3194444444444444
3 0.112890625 0.6972222222222222 0.06484375 0.16111111111111112
3 0.441796875 0.41180555555555554 0.25078125 0.3347222222222222
3 0.73671875 0.7993055555555556 0.0515625 0.23194444444444445
3 0.796875 0.5673611111111111 0.0984375 0.22916666666666666
3 0.31953125 0.4236111111111111 0.1 0.3
3 0.537890625 0.46319444444444446 0.07578125 0.20694444444444443