1 0.823046875 0.8208333333333333 0.089453125 0.13055555555555556
1 0.389453125 0.46805555555555556 0.0796875 0.06944444444444445
3 0.8515625 0.24861111111111112 0.030078125 0.07152777777777777
3 0.259765625 0.1673611111111111 0.0328125 0.06319444444444444
3 0.445703125 0.4201388888888889 0.0640625 0.09097222222222222
3 0.658203125 0.5527777777777778 0.025 0.04236111111111111
3 0.87578125 0.7854166666666667 0.027734375 0.05347222222222222
3 0.309375 0.13472222222222222 0.019921875 0.07847222222222222
3 0.890234375 0.9777777777777777 0.033984375 0.04236111111111111
3 0.329296875 0.3861111111111111 0.071484375 0.09236111111111112
3 0.666015625 0.7756944444444445 0.0421875 0.25
3 0.42265625 0.5673611111111111 0.055859375 0.09166666666666666
3 0.190234375 0.5784722222222223 0.020703125 0.05486111111111111
3 0.219921875 0.8208333333333333 0.0515625 0.13402777777777777
3 0.896484375 0.5027777777777778 0.043359375 0.08888888888888889
3 0.868359375 0.6701388888888888 0.024609375 0.05555555555555555
3 0.337890625 0.019444444444444445 0.03125 0.03888888888888889
3 0.15859375 0.9 0.037109375 0.13680555555555557
3 0.55703125 0.8645833333333334 0.169140625 0.26666666666666666
3 0.904296875 0.25625 0.0375 0.08611111111111111
3 0.667578125 0.9027777777777778 0.074609375 0.11319444444444444
3 0.69453125 0.6451388888888889 0.0421875 0.0798611111111111
3 0.804296875 0.7506944444444444 0.022265625 0.03680555555555556
3 0.520703125 0.4083333333333333 0.076171875 0.16111111111111112
3 0.851953125 0.7506944444444444 0.025 0.04097222222222222
3 0.705859375 0.7979166666666667 0.028125 0.06944444444444445
3 0.701953125 0.06944444444444445 0.023046875 0.06875
3 0.984765625 0.9145833333333333 0.0296875 0.03958333333333333
3 0.878515625 0.7118055555555556 0.025390625 0.041666666666666664
3 0.07890625 0.8881944444444444 0.0140625 0.04097222222222222
3 0.070703125 0.07569444444444444 0.0734375 0.06875
3 0.852734375 0.5576388888888889 0.030859375 0.06041666666666667
3 0.452734375 0.5319444444444444 0.056640625 0.07708333333333334
3 0.978125 0.42569444444444443 0.041796875 0.09791666666666667
3 0.483203125 0.34791666666666665 0.066796875 0.09722222222222222
3 0.182421875 0.035416666666666666 0.0453125 0.07013888888888889
3 0.544921875 0.09097222222222222 0.021875 0.05555555555555555
3 0.798828125 0.6333333333333333 0.025390625 0.052083333333333336
3 0.778515625 0.3145833333333333 0.012109375 0.024305555555555556
3 0.07421875 0.93125 0.0296875 0.12569444444444444
3 0.269921875 0.8236111111111111 0.044140625 0.06944444444444445
3 0.987109375 0.9722222222222222 0.025 0.05347222222222222
3 0.623046875 0.8458333333333333 0.037890625 0.13819444444444445
3 0.65703125 0.3701388888888889 0.024609375 0.035416666666666666
3 0.2546875 0.7493055555555556 0.032421875 0.09652777777777778
3 0.824609375 0.7159722222222222 0.0234375 0.041666666666666664
3 0.882421875 0.5736111111111111 0.0359375 0.06041666666666667
3 0.22734375 0.6409722222222223 0.012890625 0.03958333333333333
3 0.81171875 0.11527777777777778 0.0265625 0.06736111111111111
3 0.934765625 0.48680555555555555 0.046484375 0.15
3 0.342578125 0.5083333333333333 0.020703125 0.04652777777777778
3 0.560546875 0.08611111111111111 0.0125 0.06111111111111111
3 0.88828125 0.6243055555555556 0.024609375 0.04375
3 0.2609375 0.6020833333333333 0.021875 0.05555555555555555
3 0.905078125 0.7479166666666667 0.025390625 0.04097222222222222
3 0.629296875 0.41041666666666665 0.035546875 0.05277777777777778
3 0.009375 0.7590277777777777 0.01875 0.12152777777777778
3 0.561328125 0.31875 0.014453125 0.04722222222222222
3 0.255078125 0.7284722222222222 0.0453125 0.1388888888888889
3 0.3453125 0.3840277777777778 0.038671875 0.08333333333333333
3 0.666015625 0.6895833333333333 0.041015625 0.07777777777777778
3 0.59453125 0.07083333333333333 0.0171875 0.025
3 0.763671875 0.6666666666666666 0.022265625 0.035416666666666666
3 0.537109375 0.08958333333333333 0.0125 0.05625
3 0.717578125 0.07430555555555556 0.059375 0.08125
3 0.801171875 0.8861111111111111 0.036328125 0.1388888888888889
3 0.84375 0.9645833333333333 0.030078125 0.06666666666666667
3 0.711328125 0.7368055555555556 0.0234375 0.04236111111111111
3 0.69453125 0.7354166666666667 0.043359375 0.25763888888888886
0 0.790234375 0.18055555555555555 0.0171875 0.01875
0 0.976171875 0.31180555555555556 0.016015625 0.025