2 0.202734375 0.8027777777777778 0.08515625 0.39166666666666666
2 0.470703125 0.7618055555555555 0.06640625 0.28194444444444444
2 0.27734375 0.7340277777777777 0.0578125 0.27361111111111114
2 0.325 0.7631944444444444 0.053125 0.30694444444444446
2 0.383984375 0.7673611111111112 0.06640625 0.3013888888888889
2 0.0359375 0.6541666666666667 0.0140625 0.025
2 0.76796875 0.6111111111111112 0.009375 0.03888888888888889
2 0.25 0.7222222222222222 0.0359375 0.16111111111111112
2 0.04609375 0.6583333333333333 0.0109375 0.03611111111111111
2 0.77734375 0.6097222222222223 0.009375 0.03888888888888889
1 0.0921875 0.7798611111111111 0.15625 0.1375
1 0.762109375 0.6847222222222222 0.18515625 0.05277777777777778
1 0.030078125 0.8173611111111111 0.01953125 0.05138888888888889
3 0.841015625 0.30972222222222223 0.16328125 0.6194444444444445
3 0.62734375 0.40555555555555556 0.1421875 0.475
3 0.01484375 0.26666666666666666 0.0296875 0.12777777777777777
3 0.315234375 0.5034722222222222 0.13828125 0.10416666666666667
3 0.819921875 0.6048611111111111 0.03203125 0.0763888888888889
3 0.946484375 0.5680555555555555 0.06171875 0.11944444444444445
3 0.894140625 0.5763888888888888 0.06640625 0.11388888888888889
3 0.54140625 0.6180555555555556 0.08125 0.13055555555555556
3 0.121484375 0.5263888888888889 0.06796875 0.08055555555555556
3 0.9921875 0.09513888888888888 0.0140625 0.10138888888888889