2 0.6734375 0.5381944444444444 0.040625 0.20416666666666666
2 0.767578125 0.5159722222222223 0.03984375 0.14583333333333334
2 0.609375 0.49930555555555556 0.0171875 0.09583333333333334
2 0.4203125 0.48333333333333334 0.015625 0.05277777777777778
2 0.883984375 0.4888888888888889 0.01640625 0.075
2 0.78515625 0.49583333333333335 0.0171875 0.10555555555555556
2 0.449609375 0.47708333333333336 0.01484375 0.0625
3 0.1046875 0.4013888888888889 0.209375 0.4027777777777778
3 0.602734375 0.38263888888888886 0.06796875 0.15694444444444444
3 0.3421875 0.5409722222222222 0.1546875 0.4652777777777778
3 0.7 0.41180555555555554 0.0890625 0.1375
3 0.897265625 0.39444444444444443 0.11015625 0.26666666666666666
3 0.434375 0.4215277777777778 0.0390625 0.14305555555555555
3 0.791015625 0.09375 0.06796875 0.05138888888888889
3 0.5484375 0.41180555555555554 0.0953125 0.16805555555555557
3 0.261328125 0.48333333333333334 0.09921875 0.20277777777777778
3 0.481640625 0.46111111111111114 0.02890625 0.06666666666666667