2 0.429296875 0.40555555555555556 0.008984375 0.03333333333333333
3 0.026953125 0.05277777777777778 0.05390625 0.10555555555555556
3 0.466015625 0.15416666666666667 0.079296875 0.14722222222222223
3 0.579296875 0.7506944444444444 0.0421875 0.08888888888888889
3 0.3953125 0.29444444444444445 0.060546875 0.36666666666666664
3 0.395703125 0.17291666666666666 0.055859375 0.12430555555555556
3 0.583203125 0.8951388888888889 0.045703125 0.12291666666666666
3 0.485546875 0.4701388888888889 0.038671875 0.09236111111111112
3 0.353515625 0.043055555555555555 0.08125 0.08611111111111111
3 0.491015625 0.9423611111111111 0.058984375 0.1111111111111111
3 0.253515625 0.04652777777777778 0.0515625 0.09236111111111112
3 0.578125 0.6659722222222222 0.060546875 0.12222222222222222
3 0.560546875 0.5645833333333333 0.028125 0.08263888888888889
3 0.153515625 0.12152777777777778 0.030078125 0.04097222222222222
3 0.204296875 0.11388888888888889 0.023046875 0.04791666666666667
3 0.413671875 0.050694444444444445 0.023046875 0.050694444444444445
3 0.134375 0.049305555555555554 0.0546875 0.09861111111111111
3 0.12734375 0.06458333333333334 0.1484375 0.1284722222222222
3 0.552734375 0.4076388888888889 0.050390625 0.12569444444444444
3 0.466796875 0.2534722222222222 0.079296875 0.34791666666666665
3 0.36015625 0.04236111111111111 0.0390625 0.08472222222222223
3 0.5859375 0.8645833333333334 0.039453125 0.06180555555555556
3 0.0796875 0.06736111111111111 0.054296875 0.10902777777777778
3 0.05859375 0.21041666666666667 0.0359375 0.09444444444444444