2 0.567578125 0.5493055555555556 0.0359375 0.17222222222222222
2 0.221875 0.4340277777777778 0.016796875 0.07569444444444444
2 0.191015625 0.40625 0.014453125 0.05555555555555555
2 0.446484375 0.5583333333333333 0.040234375 0.16458333333333333
2 0.428515625 0.5111111111111111 0.023828125 0.12222222222222222
2 0.505859375 0.4534722222222222 0.015234375 0.09166666666666666
2 0.555078125 0.4756944444444444 0.019921875 0.08819444444444445
3 0.527734375 0.2861111111111111 0.092578125 0.21875
3 0.0390625 0.7645833333333333 0.078125 0.4111111111111111
3 0.273046875 0.6201388888888889 0.082421875 0.22847222222222222
3 0.024609375 0.2791666666666667 0.048828125 0.12708333333333333
3 0.1359375 0.2951388888888889 0.173046875 0.19236111111111112
3 0.870703125 0.5083333333333333 0.258203125 0.5534722222222223
3 0.631640625 0.43819444444444444 0.056640625 0.16111111111111112
3 0.41875 0.21736111111111112 0.019921875 0.03958333333333333
3 0.441796875 0.33055555555555555 0.064453125 0.18680555555555556
3 0.85546875 0.47847222222222224 0.081640625 0.45
3 0.932421875 0.6534722222222222 0.134375 0.31180555555555556
3 0.709765625 0.4576388888888889 0.101953125 0.22152777777777777
3 0.37109375 0.3076388888888889 0.0328125 0.07013888888888889
3 0.402734375 0.43472222222222223 0.069921875 0.18611111111111112
3 0.343359375 0.2916666666666667 0.173046875 0.19444444444444445
3 0.598046875 0.34652777777777777 0.134765625 0.3423611111111111