2 0.458984375 0.6354166666666666 0.10546875 0.5041666666666667
2 0.73203125 0.5395833333333333 0.028125 0.09861111111111111
2 0.962109375 0.6506944444444445 0.07421875 0.6930555555555555
2 0.371875 0.63125 0.0875 0.4625
2 0.524609375 0.5465277777777777 0.03671875 0.12638888888888888
2 0.120703125 0.5555555555555556 0.05234375 0.09444444444444444
2 0.428125 0.5694444444444444 0.0375 0.2833333333333333
2 0.6796875 0.5243055555555556 0.01875 0.09027777777777778
2 0.6484375 0.5166666666666667 0.00625 0.04722222222222222
2 0.665625 0.5263888888888889 0.0125 0.05277777777777778
2 0.1390625 0.5048611111111111 0.015625 0.05416666666666667
3 0.300390625 0.5222222222222223 0.06484375 0.24166666666666667
2 0.074609375 0.45069444444444445 0.14921875 0.30694444444444446
3 0.162890625 0.5541666666666667 0.04140625 0.08888888888888889
3 0.414453125 0.44583333333333336 0.04921875 0.09166666666666666
3 0.06015625 0.5013888888888889 0.0515625 0.07777777777777778
2 0.798828125 0.5243055555555556 0.01484375 0.049305555555555554
2 0.814453125 0.5159722222222223 0.0125 0.04583333333333333
2 0.831640625 0.5166666666666667 0.0109375 0.04097222222222222