3 0.25 0.32916666666666666 0.209375 0.25833333333333336
3 0.323828125 0.6395833333333333 0.640625 0.7194444444444444
2 0.653125 0.5388888888888889 0.084375 0.3388888888888889
2 0.8984375 0.4673611111111111 0.0328125 0.15416666666666667
2 0.678515625 0.51875 0.06171875 0.2569444444444444
1 0.016796875 0.46111111111111114 0.03359375 0.1361111111111111
3 0.81875 0.3215277777777778 0.178125 0.23472222222222222
3 0.5640625 0.30416666666666664 0.1640625 0.33611111111111114
3 0.659765625 0.2875 0.08203125 0.16666666666666666
3 0.388671875 0.3375 0.08046875 0.25
3 0.4703125 0.4041666666666667 0.084375 0.11944444444444445
3 0.7546875 0.3611111111111111 0.046875 0.13333333333333333