2 0.9765625 0.8854166666666666 0.0453125 0.2263888888888889
2 0.3796875 0.8527777777777777 0.009375 0.041666666666666664
2 0.425390625 0.8486111111111111 0.01015625 0.05277777777777778
2 0.049609375 0.8631944444444445 0.00703125 0.03194444444444444
3 0.743359375 0.6069444444444444 0.51015625 0.7805555555555556
3 0.85625 0.11458333333333333 0.284375 0.22916666666666666
3 0.16796875 0.63125 0.3328125 0.7291666666666666
3 0.394921875 0.6395833333333333 0.09609375 0.41805555555555557
3 0.344921875 0.6833333333333333 0.06953125 0.3194444444444444
3 0.474609375 0.4625 0.14453125 0.25833333333333336
3 0.472265625 0.6194444444444445 0.14609375 0.575
3 0.396484375 0.7465277777777778 0.06953125 0.20416666666666666
3 0.490234375 0.4701388888888889 0.07109375 0.23194444444444445