2 0.692578125 0.6958333333333333 0.04296875 0.11666666666666667
2 0.0734375 0.6076388888888888 0.025 0.07083333333333333
2 0.908984375 0.66875 0.02265625 0.06527777777777778
1 0.5 0.8284722222222223 0.996875 0.3375
1 0.342578125 0.8569444444444444 0.03515625 0.2777777777777778
1 0.0859375 0.8777777777777778 0.0515625 0.2388888888888889
1 0.524609375 0.88125 0.06640625 0.22916666666666666
1 0.51953125 0.8527777777777777 0.0234375 0.17222222222222222
1 0.6546875 0.8756944444444444 0.05 0.14583333333333334
3 0.317578125 0.4166666666666667 0.09765625 0.34444444444444444
3 0.2375 0.4076388888888889 0.1015625 0.37083333333333335
3 0.673046875 0.44027777777777777 0.07421875 0.25833333333333336
3 0.15625 0.675 0.16875 0.5027777777777778
3 0.0734375 0.35555555555555557 0.125 0.4777777777777778
3 0.7234375 0.4361111111111111 0.0578125 0.26666666666666666
3 0.56875 0.46458333333333335 0.06875 0.2708333333333333
3 0.76015625 0.4618055555555556 0.0734375 0.29305555555555557
3 0.403515625 0.4340277777777778 0.08984375 0.3125
3 0.4953125 0.45069444444444445 0.0765625 0.29583333333333334
3 0.363671875 0.4861111111111111 0.08828125 0.21944444444444444
3 0.829296875 0.6305555555555555 0.11328125 0.2777777777777778
3 0.827734375 0.42083333333333334 0.06953125 0.2222222222222222
3 0.704296875 0.48819444444444443 0.05859375 0.12638888888888888
3 0.536328125 0.4875 0.06328125 0.22777777777777777
3 0.522265625 0.7138888888888889 0.05078125 0.18333333333333332
3 0.45 0.5076388888888889 0.0953125 0.1986111111111111
3 0.7875 0.44513888888888886 0.071875 0.11527777777777778
3 0.594921875 0.7506944444444444 0.07578125 0.14027777777777778
3 0.437109375 0.7965277777777777 0.07890625 0.13194444444444445
3 0.14609375 0.4111111111111111 0.1171875 0.2722222222222222
3 0.727734375 0.6576388888888889 0.06484375 0.19027777777777777
3 0.6015625 0.5444444444444444 0.053125 0.11388888888888889
3 0.031640625 0.30069444444444443 0.06328125 0.6013888888888889
3 0.658203125 0.5222222222222223 0.04296875 0.08055555555555556
3 0.581640625 0.48541666666666666 0.03203125 0.0625
3 0.8921875 0.4798611111111111 0.090625 0.48194444444444445
3 0.3796875 0.8284722222222223 0.0375 0.09583333333333334
3 0.030859375 0.11041666666666666 0.06171875 0.22083333333333333
3 0.94453125 0.48680555555555555 0.10625 0.4847222222222222