2 0.563671875 0.625 0.04453125 0.24722222222222223
2 0.477734375 0.6923611111111111 0.05546875 0.2625
2 0.521875 0.6930555555555555 0.05 0.24166666666666667
2 0.199609375 0.6027777777777777 0.03046875 0.08055555555555556
2 0.8890625 0.45069444444444445 0.01875 0.05416666666666667
2 0.619921875 0.4673611111111111 0.02265625 0.11527777777777778
2 0.420703125 0.5527777777777778 0.04609375 0.13333333333333333
2 0.418359375 0.5215277777777778 0.03515625 0.07083333333333333
2 0.967578125 0.5034722222222222 0.05546875 0.11805555555555555
3 0.305859375 0.4548611111111111 0.14453125 0.2791666666666667
3 0.087890625 0.5534722222222223 0.17578125 0.6402777777777777
3 0.88046875 0.70625 0.2359375 0.5791666666666667
3 0.08984375 0.37777777777777777 0.16875 0.28888888888888886
3 0.21171875 0.5097222222222222 0.0546875 0.1111111111111111