3 0.471484375 0.6402777777777777 0.03984375 0.09722222222222222
2 0.9171875 0.8388888888888889 0.0921875 0.31666666666666665
2 0.301171875 0.6673611111111111 0.01640625 0.0375
2 0.8515625 0.6638888888888889 0.0265625 0.058333333333333334
2 0.17265625 0.6791666666666667 0.0109375 0.044444444444444446
2 0.82890625 0.6611111111111111 0.021875 0.05
3 0.6578125 0.49930555555555556 0.0765625 0.25416666666666665
3 0.12578125 0.5631944444444444 0.1484375 0.2875
3 0.164453125 0.36736111111111114 0.07734375 0.18472222222222223
3 0.397265625 0.5875 0.08359375 0.20555555555555555
3 0.23359375 0.5 0.1296875 0.3
3 0.83359375 0.5291666666666667 0.1125 0.18055555555555555
3 0.315625 0.5020833333333333 0.053125 0.15138888888888888
3 0.967578125 0.4527777777777778 0.06328125 0.18611111111111112
3 0.70546875 0.74375 0.071875 0.18194444444444444
3 0.203125 0.7229166666666667 0.0546875 0.11805555555555555
3 0.753515625 0.5604166666666667 0.05390625 0.11527777777777778
3 0.36796875 0.7479166666666667 0.09375 0.14583333333333334
3 0.56328125 0.8277777777777777 0.0828125 0.3388888888888889
3 0.625 0.7548611111111111 0.0875 0.2013888888888889
3 0.59609375 0.5291666666666667 0.0171875 0.06388888888888888
3 0.28359375 0.7388888888888889 0.0671875 0.13333333333333333
3 0.430078125 0.7513888888888889 0.03828125 0.12222222222222222
3 0.5625 0.9201388888888888 0.0796875 0.15416666666666667
3 0.425 0.6527777777777778 0.0359375 0.07777777777777778
3 0.8640625 0.5506944444444445 0.0515625 0.13194444444444445
3 0.747265625 0.6520833333333333 0.04140625 0.08194444444444444
3 0.46953125 0.7590277777777777 0.046875 0.14305555555555555
3 0.50390625 0.7541666666666667 0.0421875 0.14444444444444443
0 0.70546875 0.6354166666666666 0.08125 0.059722222222222225
0 0.512109375 0.6340277777777777 0.05234375 0.04583333333333333
0 0.13203125 0.64375 0.0640625 0.04583333333333333