2 0.568359375 0.5208333333333334 0.04140625 0.18611111111111112
2 0.49921875 0.5409722222222222 0.0625 0.34305555555555556
2 0.5359375 0.5180555555555556 0.03125 0.19444444444444445
2 0.436328125 0.5041666666666667 0.04453125 0.19444444444444445
2 0.47421875 0.5020833333333333 0.028125 0.19305555555555556
1 0.894140625 0.34652777777777777 0.210546875 0.6208333333333333
1 0.084375 0.45 0.075 0.09166666666666666
3 0.777734375 0.11388888888888889 0.11953125 0.21944444444444444
3 0.751171875 0.3888888888888889 0.23515625 0.37222222222222223
3 0.10078125 0.2375 0.1171875 0.39166666666666666
3 0.19609375 0.4395833333333333 0.1234375 0.20416666666666666
3 0.607421875 0.28888888888888886 0.09921875 0.35
3 0.95078125 0.13680555555555557 0.096875 0.27361111111111114
3 0.352734375 0.3298611111111111 0.11015625 0.09583333333333334
3 0.53828125 0.43125 0.0359375 0.06805555555555555
3 0.031640625 0.26180555555555557 0.06328125 0.3486111111111111
3 0.945703125 0.4486111111111111 0.10703125 0.8972222222222223
3 0.366015625 0.4423611111111111 0.04609375 0.08472222222222223
3 0.03203125 0.15138888888888888 0.0640625 0.125