2 0.61484375 0.7305555555555555 0.0171875 0.05277777777777778
2 0.819921875 0.7555555555555555 0.01640625 0.06666666666666667
2 0.500390625 0.7229166666666667 0.01171875 0.0375
2 0.859375 0.8055555555555556 0.028125 0.075
1 0.4546875 0.8666666666666667 0.7390625 0.2611111111111111
1 0.5484375 0.6493055555555556 0.19375 0.24305555555555555
3 0.3515625 0.5576388888888889 0.590625 0.8791666666666667
3 0.9265625 0.5736111111111111 0.10625 0.2722222222222222
3 0.661328125 0.5194444444444445 0.05390625 0.175
3 0.846875 0.5659722222222222 0.0640625 0.24583333333333332
3 0.083203125 0.5527777777777778 0.14140625 0.8861111111111111
3 0.8375 0.7423611111111111 0.028125 0.09305555555555556
3 0.926953125 0.5006944444444444 0.10546875 0.12638888888888888
3 0.608984375 0.6243055555555556 0.08515625 0.23194444444444445
3 0.96875 0.65625 0.059375 0.16527777777777777