3 0.019140625 0.3020833333333333 0.03828125 0.10416666666666667
2 0.11171875 0.4895833333333333 0.1578125 0.6291666666666667
2 0.7265625 0.5826388888888889 0.18125 0.8291666666666667
2 0.525 0.4041666666666667 0.0453125 0.24444444444444444
2 0.412890625 0.37222222222222223 0.03203125 0.18888888888888888
2 0.3640625 0.34444444444444444 0.0171875 0.11666666666666667
2 0.977734375 0.6833333333333333 0.04296875 0.6305555555555555
2 0.43984375 0.3715277777777778 0.034375 0.18472222222222223
3 0.91171875 0.8034722222222223 0.1578125 0.32916666666666666
3 0.180078125 0.5916666666666667 0.35859375 0.48055555555555557
3 0.81640625 0.16180555555555556 0.1515625 0.22916666666666666
3 0.511328125 0.15833333333333333 0.22578125 0.31666666666666665
3 0.3046875 0.18263888888888888 0.1734375 0.36527777777777776
3 0.42109375 0.20555555555555555 0.1109375 0.20555555555555555
3 0.649609375 0.1423611111111111 0.13828125 0.2847222222222222
3 0.154296875 0.32430555555555557 0.03828125 0.10138888888888889
3 0.942578125 0.3263888888888889 0.11328125 0.24444444444444444
3 0.86953125 0.6451388888888889 0.1875 0.3236111111111111
3 0.91015625 0.4965277777777778 0.146875 0.2625
3 0.72109375 0.16805555555555557 0.16875 0.225
3 0.4625 0.18472222222222223 0.4890625 0.36944444444444446
3 0.741015625 0.15138888888888888 0.31328125 0.3