2 0.589453125 0.5506944444444445 0.039453125 0.18333333333333332
2 0.43203125 0.5201388888888889 0.031640625 0.13541666666666666
2 0.390234375 0.5659722222222222 0.0390625 0.17291666666666666
2 0.2625 0.4076388888888889 0.013671875 0.06458333333333334
2 0.5140625 0.49166666666666664 0.023828125 0.11319444444444444
2 0.5328125 0.47638888888888886 0.021875 0.10069444444444445
3 0.655859375 0.3645833333333333 0.179296875 0.4951388888888889
3 0.53515625 0.26875 0.105859375 0.24930555555555556
3 0.866015625 0.6965277777777777 0.123828125 0.19652777777777777
3 0.265234375 0.59375 0.066015625 0.33819444444444446
3 0.899609375 0.4597222222222222 0.150390625 0.21388888888888888
3 0.696875 0.5152777777777777 0.075 0.16041666666666668
3 0.342578125 0.5284722222222222 0.063671875 0.1638888888888889
3 0.336328125 0.28125 0.1984375 0.21388888888888888
3 0.419140625 0.41041666666666665 0.072265625 0.08333333333333333
3 0.571875 0.35625 0.061328125 0.1638888888888889
3 0.115625 0.25972222222222224 0.170703125 0.1673611111111111
3 0.450390625 0.3277777777777778 0.075 0.20208333333333334
3 0.802734375 0.42569444444444443 0.073046875 0.15347222222222223