2 0.905859375 0.5222222222222223 0.06015625 0.25277777777777777
2 0.15078125 0.6444444444444445 0.0296875 0.17222222222222222
2 0.089453125 0.6569444444444444 0.03984375 0.1638888888888889
2 0.98671875 0.49027777777777776 0.025 0.2222222222222222
2 0.273828125 0.80625 0.11796875 0.36527777777777776
2 0.94296875 0.4583333333333333 0.0359375 0.15
1 0.0671875 0.7666666666666667 0.134375 0.21388888888888888
1 0.2359375 0.7791666666666667 0.4703125 0.20833333333333334
1 0.290234375 0.6270833333333333 0.02734375 0.1597222222222222
1 0.049609375 0.7326388888888888 0.01796875 0.11805555555555555
1 0.104296875 0.725 0.02109375 0.1388888888888889
3 0.541796875 0.5354166666666667 0.19609375 0.21805555555555556
3 0.8171875 0.44027777777777777 0.065625 0.14444444444444443
3 0.06328125 0.8958333333333334 0.125 0.20277777777777778