3 0.296875 0.3486111111111111 0.165625 0.3638888888888889
2 0.755859375 0.4930555555555556 0.06484375 0.42777777777777776
2 0.441796875 0.5319444444444444 0.08203125 0.425
2 0.366015625 0.4340277777777778 0.02890625 0.19305555555555556
2 0.325 0.4305555555555556 0.028125 0.2
2 0.228515625 0.4388888888888889 0.03203125 0.10277777777777777
2 0.550390625 0.40902777777777777 0.02578125 0.12638888888888888
2 0.68203125 0.4173611111111111 0.034375 0.09027777777777778
2 0.62734375 0.3861111111111111 0.0125 0.030555555555555555
2 0.78359375 0.40069444444444446 0.021875 0.12361111111111112
3 0.661328125 0.4166666666666667 0.05859375 0.19166666666666668
3 0.90625 0.425 0.1859375 0.5916666666666667
3 0.195703125 0.4284722222222222 0.13671875 0.33194444444444443
3 0.577734375 0.39444444444444443 0.03046875 0.08055555555555556
3 0.810546875 0.21875 0.04296875 0.4375
3 0.296484375 0.21597222222222223 0.16484375 0.09861111111111111
3 0.276953125 0.40069444444444446 0.06171875 0.0875
3 0.052734375 0.4388888888888889 0.10546875 0.4305555555555556
3 0.332421875 0.21458333333333332 0.05546875 0.09305555555555556
3 0.234375 0.21736111111111112 0.0375 0.0875
3 0.869140625 0.21805555555555556 0.16171875 0.4361111111111111
3 0.569140625 0.38819444444444445 0.02421875 0.07916666666666666