1 0.678125 0.5076388888888889 0.51875 0.3458333333333333
2 0.221484375 0.58125 0.04609375 0.2125
2 0.208984375 0.5659722222222222 0.02890625 0.19305555555555556
2 0.81171875 0.5319444444444444 0.05625 0.2111111111111111
2 0.853515625 0.5541666666666667 0.04609375 0.25
2 0.354296875 0.525 0.01640625 0.08055555555555556
2 0.892578125 0.5513888888888889 0.05234375 0.25833333333333336
1 0.197265625 0.50625 0.30390625 0.22361111111111112
1 0.67890625 0.6125 0.5203125 0.11666666666666667
3 0.06875 0.23680555555555555 0.1078125 0.22083333333333333
3 0.355859375 0.3138888888888889 0.07421875 0.1
3 0.859765625 0.3229166666666667 0.06328125 0.2152777777777778
3 0.634765625 0.6576388888888889 0.40390625 0.6763888888888889
3 0.70234375 0.33819444444444446 0.053125 0.15694444444444444
3 0.338671875 0.47847222222222224 0.08046875 0.11805555555555555
3 0.81171875 0.29930555555555555 0.0546875 0.15416666666666667
3 0.923046875 0.3034722222222222 0.05234375 0.19583333333333333
3 0.60390625 0.33819444444444446 0.04375 0.08472222222222223
3 0.208984375 0.37916666666666665 0.04296875 0.05277777777777778
3 0.74296875 0.3194444444444444 0.053125 0.15555555555555556
3 0.77734375 0.34097222222222223 0.05625 0.12361111111111112
3 0.658984375 0.3402777777777778 0.05859375 0.14166666666666666
3 0.248828125 0.3819444444444444 0.04453125 0.04722222222222222
3 0.12421875 0.44305555555555554 0.0765625 0.14722222222222223
3 0.541796875 0.35625 0.05546875 0.16527777777777777
3 0.26015625 0.475 0.04375 0.14444444444444443
3 0.51796875 0.38333333333333336 0.046875 0.1638888888888889
3 0.403125 0.35138888888888886 0.028125 0.027777777777777776
3 0.2484375 0.44513888888888886 0.0453125 0.1736111111111111
3 0.951171875 0.43819444444444444 0.09609375 0.5125
3 0.96796875 0.3215277777777778 0.0484375 0.17083333333333334
3 0.208984375 0.4215277777777778 0.04453125 0.14027777777777778
3 0.777734375 0.4701388888888889 0.06953125 0.12916666666666668
3 0.743359375 0.3798611111111111 0.05859375 0.06527777777777778
3 0.988671875 0.23194444444444445 0.02109375 0.09722222222222222
3 0.675 0.3854166666666667 0.0375 0.059722222222222225
3 0.9875 0.29097222222222224 0.0234375 0.2152777777777778