3 0.94140625 0.9472222222222222 0.033984375 0.05347222222222222
3 0.387109375 0.5479166666666667 0.019921875 0.07569444444444444
3 0.949609375 0.5680555555555555 0.023828125 0.075
3 0.369140625 0.5520833333333334 0.0203125 0.06111111111111111
3 0.265234375 0.975 0.025390625 0.04652777777777778
3 0.399609375 0.7916666666666666 0.029296875 0.08125
3 0.2 0.8048611111111111 0.023046875 0.059027777777777776
3 0.875 0.48055555555555557 0.020703125 0.05555555555555555
3 0.609765625 0.7652777777777777 0.0265625 0.075
3 0.97421875 0.6354166666666666 0.050390625 0.08541666666666667
3 0.668359375 0.24166666666666667 0.026171875 0.06111111111111111
3 0.356640625 0.38055555555555554 0.033984375 0.059027777777777776
3 0.763671875 0.775 0.028515625 0.044444444444444446
3 0.412890625 0.2791666666666667 0.018359375 0.04513888888888889
3 0.490234375 0.56875 0.023828125 0.06388888888888888
3 0.1640625 0.41458333333333336 0.033203125 0.07777777777777778
3 0.305859375 0.7965277777777777 0.0375 0.10277777777777777
3 0.576953125 0.7548611111111111 0.026953125 0.06041666666666667
3 0.71484375 0.44930555555555557 0.022265625 0.06666666666666667
3 0.508984375 0.23541666666666666 0.0203125 0.04097222222222222
3 0.116796875 0.3993055555555556 0.0109375 0.04722222222222222
3 0.366015625 0.6916666666666667 0.021484375 0.07569444444444444
3 0.18515625 0.4951388888888889 0.0171875 0.05625
3 0.187890625 0.5659722222222222 0.028515625 0.06041666666666667
3 0.521484375 0.5409722222222222 0.021484375 0.04652777777777778
3 0.859375 0.36041666666666666 0.023046875 0.06458333333333334
3 0.208984375 0.48125 0.0203125 0.058333333333333334
3 0.69375 0.3576388888888889 0.023828125 0.06041666666666667
3 0.170703125 0.29097222222222224 0.041796875 0.08680555555555555
3 0.483203125 0.6270833333333333 0.016015625 0.05625
3 0.468359375 0.6506944444444445 0.016796875 0.06597222222222222
3 0.025390625 0.6520833333333333 0.037109375 0.04375
3 0.51171875 0.8159722222222222 0.0234375 0.07708333333333334
3 0.962890625 0.4048611111111111 0.021875 0.049305555555555554
3 0.201171875 0.7611111111111111 0.025 0.04236111111111111
3 0.331640625 0.9576388888888889 0.158984375 0.08055555555555556
3 0.486328125 0.76875 0.029296875 0.09722222222222222
3 0.131640625 0.8138888888888889 0.046875 0.1701388888888889
3 0.55234375 0.7604166666666666 0.0234375 0.049305555555555554
3 0.558984375 0.49583333333333335 0.030859375 0.06041666666666667
3 0.016796875 0.5118055555555555 0.015625 0.035416666666666666
3 0.341796875 0.9763888888888889 0.028515625 0.04375
3 0.2484375 0.6777777777777778 0.083203125 0.2743055555555556
3 0.191796875 0.6319444444444444 0.0296875 0.04722222222222222
3 0.0625 0.5604166666666667 0.0125 0.14097222222222222
3 0.579296875 0.31319444444444444 0.028515625 0.04722222222222222
3 0.378515625 0.8368055555555556 0.024609375 0.04375
3 0.443359375 0.6340277777777777 0.018359375 0.049305555555555554
3 0.53828125 0.6576388888888889 0.0234375 0.11875
3 0.62109375 0.5777777777777777 0.0234375 0.05763888888888889
3 0.171875 0.3638888888888889 0.029296875 0.06319444444444444
3 0.402734375 0.42569444444444443 0.03125 0.052083333333333336
3 0.691015625 0.7923611111111111 0.0375 0.10902777777777778
3 0.4359375 0.4083333333333333 0.036328125 0.059027777777777776
3 0.373828125 0.8284722222222223 0.033203125 0.07152777777777777
3 0.659765625 0.4625 0.0203125 0.06944444444444445
3 0.576953125 0.7854166666666667 0.026953125 0.11875
3 0.366796875 0.8229166666666666 0.01875 0.06041666666666667
3 0.331640625 0.4395833333333333 0.023828125 0.049305555555555554
3 0.627734375 0.2673611111111111 0.0140625 0.04722222222222222
3 0.05390625 0.7965277777777777 0.015234375 0.14930555555555555
3 0.037109375 0.9583333333333334 0.056640625 0.0798611111111111
3 0.158203125 0.9756944444444444 0.0125 0.04722222222222222
3 0.64375 0.9305555555555556 0.028125 0.03888888888888889
3 0.060546875 0.44305555555555554 0.0171875 0.04513888888888889
3 0.5609375 0.5020833333333333 0.015625 0.04652777777777778
3 0.71875 0.40208333333333335 0.016796875 0.04236111111111111
3 0.359765625 0.45902777777777776 0.0296875 0.05
3 0.605078125 0.7916666666666666 0.211328125 0.13333333333333333
3 0.377734375 0.6368055555555555 0.014453125 0.05347222222222222
3 0.834375 0.3597222222222222 0.015625 0.058333333333333334
3 0.908203125 0.30069444444444443 0.028125 0.058333333333333334
0 0.43046875 0.8833333333333333 0.019140625 0.016666666666666666
0 0.2890625 0.8840277777777777 0.01875 0.01597222222222222
0 0.199609375 0.9368055555555556 0.009765625 0.024305555555555556
0 0.137890625 0.46319444444444446 0.0078125 0.013888888888888888
0 0.454296875 0.8944444444444445 0.019921875 0.01875
0 0.088671875 0.8076388888888889 0.010546875 0.022916666666666665
0 0.2421875 0.9875 0.01875 0.022916666666666665
0 0.602734375 0.8840277777777777 0.020703125 0.019444444444444445
0 0.419921875 0.975 0.01875 0.01875
0 0.897265625 0.9666666666666667 0.022265625 0.016666666666666666
0 0.837890625 0.9479166666666666 0.0203125 0.01875
0 0.834765625 0.9902777777777778 0.022265625 0.017361111111111112
0 0.225390625 0.7923611111111111 0.014453125 0.01597222222222222
0 0.975 0.8694444444444445 0.019921875 0.01875
0 0.11328125 0.8569444444444444 0.0109375 0.027083333333333334
0 0.783984375 0.9465277777777777 0.020703125 0.017361111111111112
0 0.883203125 0.9055555555555556 0.0203125 0.013194444444444444
0 0.134375 0.38125 0.00625 0.013888888888888888
0 0.155078125 0.7625 0.0078125 0.01597222222222222
0 0.091796875 0.3284722222222222 0.006640625 0.013194444444444444
0 0.178515625 0.7979166666666667 0.010546875 0.024305555555555556
0 0.816796875 0.9666666666666667 0.021875 0.01875
0 0.78359375 0.9006944444444445 0.021484375 0.01875
0 0.271484375 0.8604166666666667 0.018359375 0.017361111111111112
0 0.091796875 0.6548611111111111 0.008203125 0.019444444444444445
0 0.3359375 0.8868055555555555 0.01875 0.01597222222222222
0 0.865234375 0.9506944444444444 0.021875 0.016666666666666666
0 0.14296875 0.9104166666666667 0.019140625 0.024305555555555556
0 0.346484375 0.8618055555555556 0.01875 0.022222222222222223
0 0.721484375 0.8722222222222222 0.01875 0.027777777777777776
0 0.977734375 0.6930555555555555 0.018359375 0.01597222222222222
0 0.142578125 0.2777777777777778 0.00625 0.013194444444444444
0 0.1625 0.8604166666666667 0.0125 0.03125
0 0.809375 0.9465277777777777 0.021875 0.017361111111111112
0 0.66015625 0.8972222222222223 0.019140625 0.016666666666666666
0 0.736328125 0.9006944444444445 0.020703125 0.017361111111111112
0 0.228125 0.8229166666666666 0.013671875 0.01875
0 0.97421875 0.9076388888888889 0.022265625 0.017361111111111112
0 0.219921875 0.88125 0.0171875 0.017361111111111112
0 0.1171875 0.9277777777777778 0.010546875 0.025694444444444443
0 0.186328125 0.8375 0.013671875 0.022916666666666665
0 0.106640625 0.3729166666666667 0.00625 0.013888888888888888
0 0.365625 0.9263888888888889 0.017578125 0.013888888888888888
0 0.346484375 0.9270833333333334 0.019921875 0.017361111111111112
0 0.188671875 0.7847222222222222 0.009375 0.022916666666666665
0 0.86796875 0.86875 0.022265625 0.016666666666666666
0 0.244140625 0.8652777777777778 0.016015625 0.019444444444444445
0 0.740234375 0.9854166666666667 0.0234375 0.014583333333333334
0 0.846875 0.9027777777777778 0.016796875 0.013194444444444444
0 0.88984375 0.86875 0.019140625 0.01875
0 0.215234375 0.8506944444444444 0.017578125 0.016666666666666666
0 0.73203125 0.9430555555555555 0.018359375 0.013888888888888888
0 0.3703125 0.8604166666666667 0.017578125 0.017361111111111112
0 0.911328125 0.86875 0.022265625 0.016666666666666666
0 0.99453125 0.9527777777777777 0.009765625 0.022222222222222223
1 0.53046875 0.6965277777777777 0.02109375 0.04236111111111111
1 0.48984375 0.6972222222222222 0.03203125 0.04513888888888889
1 0.423046875 0.7034722222222223 0.012890625 0.03680555555555556
1 0.41875 0.6451388888888889 0.03046875 0.04375
1 0.363671875 0.4375 0.03984375 0.027777777777777776
0 0.6859375 0.8972222222222223 0.01953125 0.016666666666666666
0 0.68515625 0.88125 0.018359375 0.018055555555555554
0 0.66796875 0.8673611111111111 0.015234375 0.013888888888888888
0 0.758984375 0.9013888888888889 0.022265625 0.020833333333333332
0 0.81171875 0.9041666666666667 0.0203125 0.016666666666666666
0 0.722265625 0.8465277777777778 0.01328125 0.022916666666666665
0 0.740234375 0.8305555555555556 0.0125 0.034722222222222224
0 0.7265625 0.8159722222222222 0.010546875 0.02361111111111111
0 0.7234375 0.7888888888888889 0.0109375 0.02638888888888889
0 0.738671875 0.7951388888888888 0.010546875 0.022916666666666665
0 0.719921875 0.7666666666666667 0.0109375 0.024305555555555556
0 0.718359375 0.7465277777777778 0.01015625 0.016666666666666666
0 0.745703125 0.7263888888888889 0.01015625 0.025
0 0.713671875 0.7229166666666667 0.012109375 0.022222222222222223
0 0.708984375 0.6958333333333333 0.009765625 0.022916666666666665
0 0.741015625 0.6979166666666666 0.010546875 0.022916666666666665
0 0.73671875 0.6701388888888888 0.00859375 0.01875
0 0.70703125 0.6715277777777777 0.009765625 0.024305555555555556
0 0.7015625 0.6493055555555556 0.008984375 0.02013888888888889
0 0.7328125 0.6520833333333333 0.01171875 0.01875
0 0.516015625 0.9479166666666666 0.0203125 0.019444444444444445
0 0.57421875 0.9534722222222223 0.02421875 0.022222222222222223
0 0.19375 0.7173611111111111 0.010546875 0.025
0 0.14921875 0.65625 0.009765625 0.02361111111111111