3 0.31953125 0.5986111111111111 0.3703125 0.7972222222222223
3 0.166796875 0.28958333333333336 0.17734375 0.5791666666666667
2 0.8078125 0.6319444444444444 0.065625 0.48055555555555557
2 0.698828125 0.6020833333333333 0.06484375 0.43472222222222223
2 0.891796875 0.5576388888888889 0.04921875 0.22361111111111112
2 0.426953125 0.6194444444444445 0.06953125 0.2361111111111111
2 0.970703125 0.5472222222222223 0.04921875 0.23333333333333334
2 0.594921875 0.5208333333333334 0.01796875 0.05277777777777778
1 0.5203125 0.5347222222222222 0.0171875 0.09722222222222222
3 0.066015625 0.2875 0.13203125 0.575
3 0.790625 0.2777777777777778 0.0609375 0.07222222222222222
3 0.680859375 0.29930555555555555 0.03046875 0.06527777777777778
3 0.74375 0.2875 0.15625 0.09166666666666666
3 0.687109375 0.5131944444444444 0.09765625 0.12361111111111112