3 0.22109375 0.2916666666666667 0.1734375 0.5833333333333334
3 0.12734375 0.35347222222222224 0.1546875 0.4791666666666667
2 0.62109375 0.7340277777777777 0.1203125 0.5291666666666667
2 0.71796875 0.5576388888888889 0.028125 0.1625
2 0.68359375 0.55625 0.0265625 0.16527777777777777
2 0.945703125 0.6201388888888889 0.10703125 0.7541666666666667
2 0.3234375 0.5659722222222222 0.0109375 0.04027777777777778
2 0.301171875 0.5604166666666667 0.01328125 0.034722222222222224
2 0.285546875 0.5590277777777778 0.01328125 0.029166666666666667
2 0.358984375 0.5569444444444445 0.01015625 0.03611111111111111
3 0.4359375 0.55625 0.165625 0.23472222222222222
3 0.137890625 0.7048611111111112 0.27578125 0.5847222222222223
3 0.57265625 0.5465277777777777 0.0640625 0.23472222222222222
3 0.699609375 0.35208333333333336 0.05390625 0.09583333333333334
3 0.609765625 0.37430555555555556 0.02578125 0.08472222222222223
3 0.67421875 0.3597222222222222 0.15625 0.1111111111111111
2 0.80625 0.5666666666666667 0.033984375 0.12777777777777777
2 0.77265625 0.5340277777777778 0.020703125 0.09097222222222222
2 0.88203125 0.5166666666666667 0.029296875 0.09861111111111111