3 0.672265625 0.7194444444444444 0.64921875 0.5527777777777778
2 0.09296875 0.46319444444444446 0.09375 0.3819444444444444
2 0.319921875 0.4583333333333333 0.05703125 0.2861111111111111
2 0.23984375 0.5201388888888889 0.071875 0.41805555555555557
2 0.158984375 0.41041666666666665 0.04140625 0.1763888888888889
2 0.2953125 0.3819444444444444 0.015625 0.044444444444444446
2 0.272265625 0.3701388888888889 0.01640625 0.05416666666666667
2 0.4046875 0.3958333333333333 0.0109375 0.044444444444444446
2 0.36796875 0.3902777777777778 0.0125 0.044444444444444446
3 0.566015625 0.31527777777777777 0.09296875 0.6305555555555555
3 0.21328125 0.19375 0.275 0.3875
3 0.4859375 0.40902777777777777 0.0984375 0.1763888888888889
3 0.40234375 0.2916666666666667 0.159375 0.25277777777777777
3 0.58984375 0.4625 0.1421875 0.3138888888888889
3 0.339453125 0.28680555555555554 0.09921875 0.22083333333333333
3 0.62578125 0.4326388888888889 0.0734375 0.2513888888888889
3 0.063671875 0.18055555555555555 0.12734375 0.3611111111111111
3 0.787890625 0.14027777777777778 0.25859375 0.16666666666666666