2 0.36015625 0.5222222222222223 0.01875 0.04722222222222222
1 0.444140625 0.6020833333333333 0.49296875 0.42916666666666664
3 0.51640625 0.3298611111111111 0.0625 0.30972222222222223
3 0.574609375 0.3388888888888889 0.07265625 0.3055555555555556
3 0.466015625 0.36180555555555555 0.07890625 0.2513888888888889
3 0.4 0.3541666666666667 0.0734375 0.2722222222222222
3 0.629296875 0.3368055555555556 0.07890625 0.2375
3 0.327734375 0.3076388888888889 0.12265625 0.4013888888888889
3 0.08671875 0.27291666666666664 0.078125 0.23194444444444445
3 0.156640625 0.28194444444444444 0.08671875 0.23055555555555557
3 0.0234375 0.225 0.046875 0.1638888888888889
3 0.771484375 0.29097222222222224 0.10859375 0.4041666666666667
3 0.25859375 0.2902777777777778 0.0703125 0.25
3 0.726171875 0.2972222222222222 0.05234375 0.3638888888888889
3 0.693359375 0.29305555555555557 0.06953125 0.34444444444444444
3 0.237890625 0.4083333333333333 0.05078125 0.2638888888888889
3 0.24609375 0.3506944444444444 0.0953125 0.3736111111111111
3 0.671484375 0.31180555555555556 0.06796875 0.30416666666666664
3 0.13203125 0.5729166666666666 0.2640625 0.8458333333333333