3 0.42421875 0.7375 0.0609375 0.12222222222222222
3 0.115234375 0.4131944444444444 0.23046875 0.8236111111111111
2 0.8625 0.7819444444444444 0.0375 0.16666666666666666
2 0.208984375 0.8013888888888889 0.03203125 0.15
2 0.296875 0.8097222222222222 0.0328125 0.15833333333333333
2 0.328125 0.8027777777777778 0.021875 0.12222222222222222
2 0.24453125 0.8006944444444445 0.0265625 0.12638888888888888
2 0.36796875 0.7881944444444444 0.025 0.1125
2 0.26796875 0.8034722222222223 0.0265625 0.12083333333333333
2 0.599609375 0.8805555555555555 0.05703125 0.2361111111111111
2 0.65 0.8798611111111111 0.046875 0.2375
2 0.290234375 0.8034722222222223 0.01796875 0.12083333333333333
2 0.52890625 0.7673611111111112 0.0125 0.0625
2 0.221875 0.79375 0.0171875 0.11527777777777778
3 0.862890625 0.41180555555555554 0.26953125 0.8236111111111111
3 0.753125 0.7597222222222222 0.084375 0.10555555555555556
3 0.563671875 0.7368055555555556 0.06484375 0.15416666666666667
3 0.828125 0.7493055555555556 0.0484375 0.12361111111111112
3 0.563671875 0.6875 0.06484375 0.058333333333333334