2 0.4546875 0.36944444444444446 0.0609375 0.30277777777777776
2 0.54140625 0.3597222222222222 0.0421875 0.175
2 0.503125 0.3597222222222222 0.0390625 0.18333333333333332
2 0.414453125 0.34097222222222223 0.03671875 0.18472222222222223
2 0.35859375 0.32708333333333334 0.0234375 0.12083333333333333
2 0.384765625 0.32222222222222224 0.02421875 0.11944444444444445
1 0.713671875 0.41805555555555557 0.32890625 0.1361111111111111
3 0.745703125 0.225 0.25703125 0.39166666666666666
3 0.062890625 0.13541666666666666 0.09296875 0.2708333333333333
3 0.9640625 0.3770833333333333 0.0703125 0.7541666666666667
3 0.141796875 0.3263888888888889 0.14140625 0.3055555555555556
3 0.583984375 0.175 0.10546875 0.35
3 0.9296875 0.24791666666666667 0.0953125 0.20972222222222223
3 0.31953125 0.26458333333333334 0.11875 0.24583333333333332
3 0.928515625 0.09236111111111112 0.02265625 0.18472222222222223
1 0.846484375 0.2534722222222222 0.30703125 0.4673611111111111