3 0.3796875 0.37083333333333335 0.1953125 0.7
3 0.416015625 0.28125 0.11171875 0.5152777777777777
2 0.184765625 0.5319444444444444 0.03828125 0.20555555555555555
2 0.044921875 0.5444444444444444 0.03203125 0.17222222222222222
2 0.141796875 0.5652777777777778 0.06328125 0.3
2 0.085546875 0.5763888888888888 0.06796875 0.29444444444444445
2 0.012109375 0.65625 0.02421875 0.18472222222222223
2 0.119921875 0.5451388888888888 0.02109375 0.2152777777777778
2 0.205859375 0.4895833333333333 0.00703125 0.05694444444444444
2 0.009375 0.5347222222222222 0.01875 0.15
3 0.425390625 0.5652777777777778 0.10703125 0.33611111111111114