2 0.494140625 0.5409722222222222 0.06953125 0.3402777777777778
2 0.546484375 0.5173611111111112 0.04140625 0.1875
2 0.451953125 0.5048611111111111 0.03359375 0.20416666666666666
2 0.398046875 0.5104166666666666 0.05390625 0.20694444444444443
1 0.04921875 0.4930555555555556 0.096875 0.18611111111111112
1 0.853515625 0.36527777777777776 0.28828125 0.5222222222222223
1 0.934765625 0.35625 0.10234375 0.49027777777777776
3 0.733203125 0.12291666666666666 0.11328125 0.2263888888888889
3 0.70078125 0.38263888888888886 0.2140625 0.3375
3 0.06171875 0.45416666666666666 0.1203125 0.8166666666666667
3 0.89609375 0.15486111111111112 0.103125 0.30972222222222223
3 0.571484375 0.28125 0.09765625 0.3263888888888889
3 0.184765625 0.4625 0.11796875 0.18888888888888888
3 0.328515625 0.3298611111111111 0.09296875 0.09583333333333334
3 0.96640625 0.07152777777777777 0.065625 0.09861111111111111
3 0.953515625 0.09791666666666667 0.09140625 0.15416666666666667
3 0.955078125 0.25277777777777777 0.08828125 0.46111111111111114
3 0.3375 0.44305555555555554 0.0453125 0.08333333333333333
3 0.733203125 0.2361111111111111 0.11484375 0.45
3 0.012109375 0.16805555555555557 0.02421875 0.11666666666666667
3 0.06015625 0.1673611111111111 0.11875 0.24027777777777778