2 0.364453125 0.5 0.08515625 0.5694444444444444
2 0.886328125 0.4722222222222222 0.13046875 0.5694444444444444
2 0.6109375 0.43472222222222223 0.0453125 0.2861111111111111
2 0.105078125 0.3506944444444444 0.02734375 0.05416666666666667
2 0.56875 0.36666666666666664 0.025 0.12222222222222222
3 0.0609375 0.42430555555555555 0.0671875 0.18194444444444444
1 0.874609375 0.5847222222222223 0.13984375 0.23055555555555557
3 0.640625 0.15555555555555556 0.26875 0.3111111111111111
3 0.5140625 0.2375 0.09375 0.24444444444444444
3 0.426171875 0.18819444444444444 0.15546875 0.3763888888888889
3 0.263671875 0.5590277777777778 0.15234375 0.24305555555555555
3 0.850390625 0.20833333333333334 0.24765625 0.2972222222222222
3 0.75625 0.32222222222222224 0.0234375 0.07222222222222222
3 0.0984375 0.7847222222222222 0.196875 0.425
3 0.16015625 0.325 0.071875 0.09166666666666666
3 0.982421875 0.3076388888888889 0.03359375 0.0875
3 0.56640625 0.19236111111111112 0.4359375 0.38472222222222224