2 0.313671875 0.725 0.03046875 0.1111111111111111
1 0.56328125 0.7354166666666667 0.865625 0.5208333333333334
1 0.7546875 0.6951388888888889 0.2125 0.4375
1 0.315625 0.8722222222222222 0.0328125 0.2388888888888889
1 0.39921875 0.8305555555555556 0.203125 0.33055555555555555
1 0.42421875 0.8361111111111111 0.578125 0.325
3 0.76796875 0.3284722222222222 0.109375 0.23194444444444445
3 0.047265625 0.4201388888888889 0.09453125 0.31805555555555554
3 0.658203125 0.43194444444444446 0.07890625 0.16944444444444445
3 0.541796875 0.4708333333333333 0.05390625 0.2222222222222222
3 0.497265625 0.4701388888888889 0.07890625 0.3347222222222222
3 0.11875 0.44513888888888886 0.0703125 0.3541666666666667
3 0.083203125 0.48333333333333334 0.06640625 0.14444444444444443
3 0.2109375 0.7013888888888888 0.1625 0.45
3 0.58671875 0.53125 0.0828125 0.20416666666666666
3 0.15703125 0.4527777777777778 0.0921875 0.31666666666666665
3 0.0484375 0.7756944444444445 0.096875 0.44027777777777777
3 0.68671875 0.5069444444444444 0.0421875 0.06111111111111111
3 0.427734375 0.6506944444444445 0.08203125 0.2013888888888889
3 0.5484375 0.5361111111111111 0.034375 0.08333333333333333
3 0.858203125 0.5743055555555555 0.09765625 0.22361111111111112
3 0.104296875 0.9 0.10703125 0.19444444444444445
3 0.332421875 0.5013888888888889 0.27265625 0.6083333333333333
3 0.183203125 0.44375 0.06484375 0.10138888888888889
3 0.5953125 0.39444444444444443 0.06875 0.10277777777777777
3 0.41953125 0.39444444444444443 0.0921875 0.33055555555555555
3 0.575 0.5395833333333333 0.0265625 0.06805555555555555
3 0.021875 0.525 0.04375 0.09166666666666666
3 0.3359375 0.6833333333333333 0.084375 0.2361111111111111
3 0.92421875 0.48819444444444443 0.05 0.04861111111111111
3 0.922265625 0.5590277777777778 0.05390625 0.19027777777777777
0 0.987890625 0.64375 0.02265625 0.03194444444444444