2 0.447265625 0.39444444444444443 0.00625 0.024305555555555556
2 0.519921875 0.8923611111111112 0.009765625 0.025
2 0.668359375 0.9548611111111112 0.009765625 0.049305555555555554
2 0.677734375 0.9548611111111112 0.012890625 0.052083333333333336
2 0.654296875 0.9520833333333333 0.006640625 0.030555555555555555
2 0.4890625 0.8673611111111111 0.007421875 0.02847222222222222
2 0.433984375 0.8777777777777778 0.0078125 0.03333333333333333
3 0.103515625 0.125 0.054296875 0.10902777777777778
3 0.048046875 0.13194444444444445 0.0671875 0.11388888888888889
3 0.417578125 0.3375 0.048046875 0.28958333333333336
3 0.196484375 0.12152777777777778 0.123046875 0.17152777777777778
3 0.41640625 0.24375 0.0453125 0.10277777777777777
3 0.343359375 0.10625 0.140625 0.17152777777777778
3 0.972265625 0.09513888888888888 0.0546875 0.1527777777777778
3 0.49765625 0.8222222222222222 0.0421875 0.11319444444444444
3 0.562109375 0.6798611111111111 0.030078125 0.06666666666666667
3 0.298046875 0.09930555555555555 0.050390625 0.13402777777777777
3 0.47421875 0.225 0.062890625 0.12430555555555556
3 0.56328125 0.7798611111111111 0.033984375 0.08819444444444445
3 0.10625 0.03680555555555556 0.0953125 0.07361111111111111
3 0.491015625 0.47638888888888886 0.033203125 0.08055555555555556
3 0.381640625 0.10625 0.0625 0.12152777777777778
3 0.553515625 0.6055555555555555 0.029296875 0.07013888888888889
3 0.548828125 0.5416666666666666 0.0203125 0.05763888888888889
3 0.562890625 0.61875 0.047265625 0.09513888888888888
3 0.34375 0.09236111111111112 0.053125 0.14166666666666666
3 0.574609375 0.6284722222222222 0.022265625 0.07777777777777778
3 0.474609375 0.3333333333333333 0.0640625 0.3423611111111111
3 0.503515625 0.6881944444444444 0.033203125 0.09722222222222222