3 0.278125 0.2569444444444444 0.5546875 0.5138888888888888
3 0.219140625 0.46944444444444444 0.43828125 0.9388888888888889
2 0.024609375 0.7416666666666667 0.04921875 0.23055555555555557
2 0.372265625 0.8444444444444444 0.10078125 0.30833333333333335
2 0.448828125 0.7513888888888889 0.05234375 0.2361111111111111
2 0.29375 0.7458333333333333 0.053125 0.2972222222222222
2 0.662109375 0.7347222222222223 0.02578125 0.16111111111111112
2 0.803125 0.7652777777777777 0.0453125 0.2222222222222222
2 0.4171875 0.7208333333333333 0.0328125 0.2
2 0.626953125 0.7256944444444444 0.04140625 0.14027777777777778
2 0.561328125 0.7326388888888888 0.03203125 0.1986111111111111
2 0.525 0.74375 0.0390625 0.19583333333333333
2 0.1046875 0.7444444444444445 0.04375 0.21388888888888888
2 0.70390625 0.7027777777777777 0.015625 0.08611111111111111
3 0.505078125 0.3736111111111111 0.10703125 0.2722222222222222