2 0.7546875 0.41388888888888886 0.0421875 0.2916666666666667
2 0.9296875 0.41597222222222224 0.0625 0.2875
2 0.33203125 0.3888888888888889 0.015625 0.06666666666666667
2 0.593359375 0.4166666666666667 0.03984375 0.10833333333333334
2 0.690625 0.40694444444444444 0.040625 0.28888888888888886
2 0.9546875 0.3638888888888889 0.0265625 0.1638888888888889
2 0.38828125 0.3972222222222222 0.0203125 0.09444444444444444
3 0.485546875 0.39652777777777776 0.21484375 0.46805555555555556
3 0.076171875 0.4777777777777778 0.15234375 0.7027777777777777
3 0.742578125 0.14652777777777778 0.06015625 0.08472222222222223
3 0.058203125 0.15694444444444444 0.11640625 0.3138888888888889
3 0.646484375 0.35694444444444445 0.05390625 0.09166666666666666
3 0.708203125 0.15416666666666667 0.13046875 0.1
2 0.88203125 0.3638888888888889 0.0265625 0.15625
2 0.858984375 0.3638888888888889 0.022265625 0.10347222222222222
2 0.83828125 0.3715277777777778 0.022265625 0.10347222222222222
2 0.8140625 0.3638888888888889 0.02578125 0.10069444444444445