1 0.394140625 0.48125 0.108203125 0.11388888888888889
1 0.844921875 0.9131944444444444 0.0875 0.12291666666666666
1 0.3953125 0.45555555555555555 0.0875 0.06319444444444444
3 0.16015625 0.8104166666666667 0.053515625 0.12986111111111112
3 0.458203125 0.41388888888888886 0.0671875 0.10208333333333333
3 0.703515625 0.73125 0.048046875 0.15555555555555556
3 0.208203125 0.7444444444444445 0.044140625 0.11319444444444444
3 0.35 0.09652777777777778 0.023828125 0.08263888888888889
3 0.95546875 0.8520833333333333 0.031640625 0.049305555555555554
3 0.2921875 0.12708333333333333 0.034375 0.06597222222222222
3 0.91640625 0.8916666666666667 0.0328125 0.06666666666666667
3 0.412109375 0.5652777777777778 0.060546875 0.10486111111111111
3 0.669921875 0.7472222222222222 0.0484375 0.09652777777777778
3 0.58203125 0.8381944444444445 0.046484375 0.11458333333333333
3 0.961328125 0.5597222222222222 0.055078125 0.09722222222222222
3 0.341015625 0.49027777777777776 0.023828125 0.050694444444444445
3 0.98515625 0.27361111111111114 0.028515625 0.11736111111111111
3 0.09609375 0.8979166666666667 0.049609375 0.15
3 0.51640625 0.8784722222222222 0.0453125 0.125
3 0.923828125 0.8055555555555556 0.037890625 0.05347222222222222
3 0.547265625 0.8534722222222222 0.046484375 0.13125
3 0.657421875 0.07847222222222222 0.021875 0.06736111111111111
3 0.934375 0.27291666666666664 0.033203125 0.07847222222222222
3 0.90390625 0.6215277777777778 0.034765625 0.07430555555555556
3 0.68125 0.5868055555555556 0.028125 0.052083333333333336
3 0.334765625 0.3590277777777778 0.078515625 0.10069444444444445
3 0.169921875 0.5451388888888888 0.021484375 0.05555555555555555
3 0.123046875 0.02847222222222222 0.039453125 0.05625
3 0.69765625 0.38263888888888886 0.0234375 0.04513888888888889
3 0.919140625 0.7534722222222222 0.029296875 0.06319444444444444
3 0.713671875 0.8736111111111111 0.030078125 0.07847222222222222
3 0.01171875 0.8673611111111111 0.016015625 0.041666666666666664
3 0.890625 0.8513888888888889 0.032421875 0.05277777777777778
3 0.7265625 0.8013888888888889 0.03125 0.04513888888888889
3 0.861328125 0.8020833333333334 0.028515625 0.049305555555555554
3 0.45546875 0.5354166666666667 0.065234375 0.08958333333333333
3 0.77890625 0.06111111111111111 0.0203125 0.07013888888888889
3 0.834375 0.8340277777777778 0.026171875 0.03958333333333333
3 0.680859375 0.8715277777777778 0.031640625 0.15902777777777777
3 0.98828125 0.6722222222222223 0.022265625 0.05763888888888889
3 0.5578125 0.4395833333333333 0.048828125 0.12222222222222222
3 0.48671875 0.8965277777777778 0.0390625 0.1
3 0.616796875 0.8805555555555555 0.042578125 0.08888888888888889
3 0.502734375 0.3388888888888889 0.065234375 0.10555555555555556
3 0.945703125 0.7020833333333333 0.029296875 0.050694444444444445
3 0.654296875 0.15763888888888888 0.021484375 0.05347222222222222
3 0.843359375 0.3368055555555556 0.012890625 0.029861111111111113
3 0.59453125 0.06944444444444445 0.022265625 0.06111111111111111
3 0.701171875 0.8020833333333334 0.053125 0.2972222222222222
3 0.091015625 0.8604166666666667 0.038671875 0.075
3 0.126953125 0.6458333333333334 0.012890625 0.03263888888888889
3 0.666796875 0.4340277777777778 0.012109375 0.034027777777777775
3 0.45234375 0.93125 0.058984375 0.13333333333333333
3 0.880859375 0.31180555555555556 0.012109375 0.034027777777777775
3 0.35078125 0.35625 0.046484375 0.0798611111111111
3 0.492578125 0.9729166666666667 0.062109375 0.05
3 0.825390625 0.9576388888888889 0.057421875 0.08125
3 0.8 0.06736111111111111 0.0625 0.08541666666666667
3 0.763671875 0.7944444444444444 0.01875 0.05555555555555555
3 0.23828125 0.5944444444444444 0.028515625 0.08541666666666667
3 0.800390625 0.06527777777777778 0.03125 0.06736111111111111
3 0.66953125 0.8256944444444444 0.050390625 0.25069444444444444
3 0.315234375 0.3527777777777778 0.038671875 0.08680555555555555
3 0.108984375 0.6111111111111112 0.01875 0.06875
3 0.773828125 0.8944444444444445 0.0234375 0.05347222222222222
3 0.219140625 0.6784722222222223 0.030078125 0.06180555555555556
3 0.9171875 0.15486111111111112 0.033203125 0.10069444444444445
3 0.96171875 0.22708333333333333 0.0328125 0.06666666666666667
3 0.8171875 0.0875 0.026171875 0.07291666666666667
3 0.66484375 0.2861111111111111 0.0109375 0.03333333333333333
3 0.279296875 0.10486111111111111 0.023828125 0.05763888888888889
3 0.748828125 0.8465277777777778 0.01875 0.03958333333333333
3 0.201953125 0.6222222222222222 0.014453125 0.04652777777777778
3 0.7953125 0.73125 0.025 0.041666666666666664
3 0.263671875 0.006944444444444444 0.021484375 0.013888888888888888
3 0.214453125 0.014583333333333334 0.025390625 0.02847222222222222
3 0.6640625 0.42291666666666666 0.041796875 0.06041666666666667
3 0.740234375 0.9145833333333333 0.025390625 0.07222222222222222
3 0.838671875 0.69375 0.028515625 0.04375
3 0.526953125 0.3770833333333333 0.050390625 0.08263888888888889
3 0.794140625 0.8208333333333333 0.04375 0.08263888888888889
3 0.680078125 0.8291666666666667 0.03125 0.07291666666666667
3 0.99140625 0.5256944444444445 0.016015625 0.08055555555555556
0 0.871484375 0.19027777777777777 0.01875 0.019444444444444445
0 0.087890625 0.7597222222222222 0.018359375 0.025