2 0.73671875 0.9736111111111111 0.0078125 0.03611111111111111
2 0.188671875 0.8541666666666666 0.00703125 0.027777777777777776
2 0.748828125 0.9652777777777778 0.00859375 0.03888888888888889
2 0.751171875 0.9826388888888888 0.00703125 0.03194444444444444
1 0.48984375 0.8756944444444444 0.18125 0.24305555555555555
3 0.49375 0.6527777777777778 0.0640625 0.24444444444444444
3 0.444140625 0.6548611111111111 0.05390625 0.20972222222222223
3 0.19453125 0.6034722222222222 0.0578125 0.19583333333333333
3 0.34453125 0.6166666666666667 0.0546875 0.16666666666666666
3 0.31875 0.9277777777777778 0.04375 0.1111111111111111
3 0.108203125 0.6527777777777778 0.07265625 0.18333333333333332
3 0.141015625 0.6090277777777777 0.06796875 0.22916666666666666
3 0.828125 0.8625 0.065625 0.26944444444444443
3 0.032421875 0.7048611111111112 0.06484375 0.25416666666666665
3 0.310546875 0.5993055555555555 0.05390625 0.19027777777777777
3 0.828515625 0.7708333333333334 0.06328125 0.08611111111111111
3 0.693359375 0.5395833333333333 0.07109375 0.12638888888888888
3 0.27890625 0.5763888888888888 0.046875 0.16944444444444445
3 0.242578125 0.5708333333333333 0.05234375 0.17777777777777778
3 0.538671875 0.5305555555555556 0.04765625 0.07777777777777778
3 0.441015625 0.45555555555555555 0.05546875 0.06666666666666667
3 0.1671875 0.4895833333333333 0.0328125 0.06805555555555555
3 0.090625 0.45694444444444443 0.053125 0.075
3 0.32578125 0.36736111111111114 0.028125 0.059722222222222225
3 0.19921875 0.3472222222222222 0.021875 0.027777777777777776
3 0.641015625 0.48541666666666666 0.05859375 0.0875
3 0.05390625 0.6666666666666666 0.0546875 0.21666666666666667
3 0.1859375 0.6451388888888889 0.371875 0.37083333333333335
3 0.52265625 0.4708333333333333 0.034375 0.07222222222222222
0 0.960546875 0.9409722222222222 0.01640625 0.03194444444444444