2 0.9546875 0.6125 0.0828125 0.32222222222222224
2 0.809375 0.5736111111111111 0.0390625 0.20277777777777778
2 0.86953125 0.5402777777777777 0.0328125 0.12777777777777777
3 0.5421875 0.6131944444444445 0.359375 0.12916666666666668
3 0.221875 0.39166666666666666 0.2765625 0.5055555555555555
3 0.542578125 0.41805555555555557 0.18359375 0.26666666666666666
3 0.37890625 0.41458333333333336 0.0875 0.22083333333333333
3 0.917578125 0.2951388888888889 0.16328125 0.41805555555555557
3 0.56796875 0.09861111111111111 0.0640625 0.16111111111111112
3 0.02734375 0.4284722222222222 0.0546875 0.2652777777777778
3 0.053515625 0.5756944444444444 0.09453125 0.15138888888888888
3 0.818359375 0.5173611111111112 0.03515625 0.17916666666666667
3 0.315234375 0.3215277777777778 0.03203125 0.07916666666666666