2 0.669921875 0.5597222222222222 0.1390625 0.6506944444444445
2 0.392578125 0.40902777777777777 0.1234375 0.6222222222222222
2 0.453515625 0.6173611111111111 0.142578125 0.65
2 0.554296875 0.71875 0.096484375 0.5583333333333333
2 0.57265625 0.37222222222222223 0.112109375 0.5611111111111111
3 0.913671875 0.8263888888888888 0.169140625 0.34375
3 0.082421875 0.8506944444444444 0.164453125 0.29375
3 0.283984375 0.14444444444444443 0.133984375 0.28888888888888886
3 0.2 0.15486111111111112 0.307421875 0.3090277777777778
3 0.92734375 0.22708333333333333 0.1453125 0.3506944444444444
3 0.485546875 0.9229166666666667 0.106640625 0.15