2 0.397265625 0.8006944444444445 0.04921875 0.11527777777777778
2 0.905078125 0.8069444444444445 0.11328125 0.38333333333333336
2 0.831640625 0.6895833333333333 0.01015625 0.06527777777777778
2 0.3265625 0.7208333333333333 0.0171875 0.09444444444444444
2 0.487109375 0.7708333333333334 0.03359375 0.1111111111111111
2 0.97109375 0.7027777777777777 0.040625 0.15555555555555556
2 0.94609375 0.6763888888888889 0.009375 0.03611111111111111
3 0.095703125 0.74375 0.19140625 0.4625
3 0.814453125 0.21458333333333332 0.36796875 0.42916666666666664
3 0.323046875 0.9263888888888889 0.26015625 0.14166666666666666
3 0.962890625 0.5520833333333334 0.07265625 0.19583333333333333
3 0.94140625 0.2951388888888889 0.115625 0.35694444444444445