1 0.393359375 0.8284722222222223 0.0875 0.125
1 0.3015625 0.3194444444444444 0.071875 0.044444444444444446
3 0.321875 0.5715277777777777 0.048828125 0.14722222222222223
3 0.281640625 0.5930555555555556 0.048828125 0.1451388888888889
3 0.637109375 0.6118055555555556 0.05 0.17777777777777778
3 0.38125 0.041666666666666664 0.03125 0.07569444444444444
3 0.966015625 0.23680555555555555 0.037890625 0.07777777777777778
3 0.867578125 0.6493055555555556 0.05 0.11180555555555556
3 0.17578125 0.6 0.047265625 0.13680555555555557
3 0.908203125 0.3923611111111111 0.052734375 0.15763888888888888
3 0.71796875 0.5659722222222222 0.049609375 0.10208333333333333
3 0.101953125 0.5597222222222222 0.0421875 0.08819444444444445
3 0.797265625 0.5770833333333333 0.051953125 0.12430555555555556
3 0.695703125 0.09236111111111112 0.016015625 0.06666666666666667
3 0.840625 0.6152777777777778 0.05 0.16041666666666668
3 0.548828125 0.63125 0.028515625 0.14652777777777778
3 0.755859375 0.5847222222222223 0.041796875 0.11388888888888889
3 0.517578125 0.6590277777777778 0.025 0.04791666666666667
3 0.137890625 0.5840277777777778 0.041015625 0.13333333333333333
3 0.294140625 0.8159722222222222 0.033984375 0.10347222222222222
3 0.56875 0.6347222222222222 0.034375 0.12152777777777778
3 0.269140625 0.9395833333333333 0.048046875 0.11666666666666667
3 0.907421875 0.6326388888888889 0.045703125 0.16111111111111112
3 0.947265625 0.6284722222222222 0.051953125 0.1361111111111111
3 0.431640625 0.5006944444444444 0.0265625 0.06111111111111111
3 0.136328125 0.32569444444444445 0.0203125 0.04097222222222222
3 0.273046875 0.3701388888888889 0.065625 0.10486111111111111
3 0.029296875 0.6513888888888889 0.05859375 0.175
3 0.454296875 0.6590277777777778 0.023828125 0.03819444444444445
3 0.273828125 0.21180555555555555 0.068359375 0.11388888888888889
3 0.668359375 0.09236111111111112 0.030859375 0.07569444444444444
3 0.442578125 0.04513888888888889 0.021484375 0.08402777777777778
3 0.265625 0.9715277777777778 0.039453125 0.05277777777777778
3 0.035546875 0.5576388888888889 0.044140625 0.08611111111111111
3 0.735546875 0.10902777777777778 0.016796875 0.03680555555555556
3 0.362109375 0.2875 0.060546875 0.08402777777777778
3 0.558203125 0.3034722222222222 0.026171875 0.04513888888888889
3 0.679296875 0.7458333333333333 0.040234375 0.08819444444444445
3 0.515234375 0.8319444444444445 0.034375 0.050694444444444445
3 0.459765625 0.5159722222222223 0.023046875 0.044444444444444446
3 0.9796875 0.35208333333333336 0.039453125 0.08958333333333333
3 0.8359375 0.37569444444444444 0.020703125 0.03819444444444445
3 0.601953125 0.7229166666666667 0.030078125 0.05277777777777778
3 0.651953125 0.16597222222222222 0.020703125 0.03611111111111111
3 0.51796875 0.8055555555555556 0.033984375 0.09097222222222222
3 0.216796875 0.34375 0.034375 0.059027777777777776
3 0.216015625 0.65625 0.040234375 0.06180555555555556
3 0.109765625 0.28125 0.018359375 0.04236111111111111
3 0.42265625 0.75 0.0203125 0.03680555555555556
3 0.685546875 0.4395833333333333 0.024609375 0.052083333333333336
3 0.38984375 0.3451388888888889 0.0328125 0.07152777777777777
3 0.276171875 0.9173611111111111 0.033984375 0.07013888888888889
3 0.070703125 0.07708333333333334 0.026953125 0.04375
3 0.455859375 0.8326388888888889 0.036328125 0.059027777777777776
3 0.401171875 0.2986111111111111 0.139453125 0.18819444444444444
3 0.428515625 0.25763888888888886 0.083984375 0.10347222222222222
3 0.388671875 0.7104166666666667 0.022265625 0.09513888888888888
3 0.659765625 0.08541666666666667 0.015625 0.06458333333333334
3 0.45625 0.7888888888888889 0.038671875 0.05555555555555555
3 0.545703125 0.7381944444444445 0.037890625 0.06111111111111111
3 0.341796875 0.7479166666666667 0.015625 0.044444444444444446
3 0.521875 0.24861111111111112 0.016796875 0.03611111111111111
3 0.349609375 0.6631944444444444 0.014453125 0.029861111111111113
3 0.43671875 0.7097222222222223 0.015234375 0.06388888888888888
3 0.45546875 0.8729166666666667 0.037109375 0.13958333333333334
3 0.258203125 0.20208333333333334 0.0375 0.09444444444444444
3 0.401953125 0.71875 0.0296875 0.06875
3 0.3890625 0.6798611111111111 0.020703125 0.03611111111111111
3 0.78203125 0.11458333333333333 0.018359375 0.029861111111111113
3 0.596875 0.2798611111111111 0.030078125 0.06944444444444445
3 0.353125 0.3715277777777778 0.030078125 0.06041666666666667
3 0.016015625 0.6833333333333333 0.03203125 0.15
3 0.069140625 0.5888888888888889 0.0375 0.13680555555555557
0 0.978515625 0.44722222222222224 0.021875 0.03125
0 0.817578125 0.1125 0.012109375 0.017361111111111112
0 0.91875 0.6326388888888889 0.016796875 0.03125
0 0.90078125 0.6333333333333333 0.0171875 0.03888888888888889
0 0.8234375 0.6756944444444445 0.04375 0.030555555555555555
1 0.580078125 0.9534722222222223 0.08828125 0.09305555555555556
1 0.672265625 0.8465277777777778 0.055859375 0.30625
1 0.5484375 0.8111111111111111 0.028515625 0.10972222222222222
1 0.412109375 0.6736111111111112 0.072265625 0.04513888888888889
0 0.987109375 0.6034722222222222 0.02578125 0.02638888888888889
0 0.98125 0.5708333333333333 0.0375 0.030555555555555555
0 0.975 0.55625 0.034375 0.025694444444444443
0 0.966796875 0.5381944444444444 0.02890625 0.03194444444444444
0 0.962109375 0.5236111111111111 0.030078125 0.025
0 0.95546875 0.5104166666666666 0.026953125 0.029166666666666667
0 0.951171875 0.49444444444444446 0.03515625 0.027777777777777776
0 0.94375 0.4798611111111111 0.034375 0.029166666666666667
0 0.933203125 0.45 0.033984375 0.03125
0 0.92578125 0.43333333333333335 0.033203125 0.03194444444444444
0 0.911328125 0.4041666666666667 0.025390625 0.03194444444444444
0 0.95390625 0.38333333333333336 0.021484375 0.034027777777777775
0 0.9421875 0.35625 0.02109375 0.03263888888888889
0 0.946484375 0.3375 0.034765625 0.029166666666666667
0 0.890234375 0.34375 0.031640625 0.02638888888888889
0 0.87890625 0.3104166666666667 0.027734375 0.02361111111111111
0 0.86640625 0.29305555555555557 0.026953125 0.029861111111111113
0 0.88984375 0.28125 0.014453125 0.021527777777777778
0 0.928515625 0.32222222222222224 0.012890625 0.041666666666666664
0 0.904296875 0.2708333333333333 0.016796875 0.02361111111111111
0 0.861328125 0.27569444444444446 0.02109375 0.014583333333333334