3 0.146875 0.49375 0.028125 0.06736111111111111
3 0.215234375 0.32083333333333336 0.040625 0.06041666666666667
3 0.970703125 0.80625 0.057421875 0.10625
3 0.378515625 0.4951388888888889 0.028515625 0.05625
3 0.987109375 0.6534722222222222 0.025 0.06875
3 0.350390625 0.49375 0.035546875 0.06319444444444444
3 0.291015625 0.22291666666666668 0.019921875 0.049305555555555554
3 0.53125 0.5847222222222223 0.023828125 0.05277777777777778
3 0.561328125 0.5777777777777777 0.034375 0.06111111111111111
3 0.02890625 0.6784722222222223 0.0578125 0.10347222222222222
3 0.0609375 0.2826388888888889 0.016796875 0.04375
3 0.9125 0.41180555555555554 0.032421875 0.04791666666666667
3 0.37890625 0.4263888888888889 0.044140625 0.07291666666666667
3 0.915234375 0.4701388888888889 0.034375 0.06736111111111111
3 0.967578125 0.5979166666666667 0.032421875 0.05555555555555555
3 0.86953125 0.5881944444444445 0.040234375 0.06319444444444444
3 0.90859375 0.6173611111111111 0.0484375 0.09097222222222222
3 0.702734375 0.3458333333333333 0.016796875 0.030555555555555555
3 0.246484375 0.12013888888888889 0.026953125 0.04097222222222222
3 0.038671875 0.24791666666666667 0.025 0.05763888888888889
3 0.562109375 0.43194444444444446 0.028515625 0.058333333333333334
3 0.738671875 0.38055555555555554 0.010546875 0.04097222222222222
3 0.16328125 0.5652777777777778 0.0203125 0.04375
3 0.796875 0.27152777777777776 0.020703125 0.041666666666666664
3 0.12421875 0.18055555555555555 0.022265625 0.04652777777777778
3 0.85625 0.5520833333333334 0.048046875 0.07222222222222222
3 0.103125 0.5722222222222222 0.023046875 0.044444444444444446
3 0.716015625 0.2 0.016015625 0.04652777777777778
3 0.964453125 0.6201388888888889 0.040234375 0.09930555555555555
3 0.522265625 0.33125 0.019140625 0.03958333333333333
3 0.405859375 0.38680555555555557 0.019921875 0.04236111111111111
3 0.52265625 0.5125 0.033984375 0.050694444444444445
3 0.19453125 0.34930555555555554 0.0203125 0.04375
3 0.477734375 0.5 0.0234375 0.05763888888888889
3 0.49375 0.3701388888888889 0.032421875 0.05347222222222222
3 0.569140625 0.2673611111111111 0.0140625 0.030555555555555555
3 0.98515625 0.9541666666666667 0.028515625 0.075
3 0.536328125 0.18333333333333332 0.025 0.027777777777777776
3 0.964453125 0.56875 0.037890625 0.04513888888888889
3 0.155078125 0.19375 0.024609375 0.03680555555555556
3 0.3171875 0.5416666666666666 0.026171875 0.05
3 0.520703125 0.38819444444444445 0.024609375 0.05277777777777778
3 0.41171875 0.49930555555555556 0.025390625 0.05763888888888889
3 0.435546875 0.4909722222222222 0.0328125 0.06875
3 0.862890625 0.3548611111111111 0.015625 0.03680555555555556
3 0.55390625 0.6798611111111111 0.025390625 0.06666666666666667
3 0.280078125 0.5534722222222223 0.040234375 0.05347222222222222
0 0.946484375 0.35347222222222224 0.020703125 0.014583333333333334
0 0.905859375 0.3680555555555556 0.008984375 0.011805555555555555
0 0.978515625 0.3645833333333333 0.015625 0.013888888888888888
0 0.893359375 0.3215277777777778 0.0109375 0.013194444444444444
0 0.905859375 0.31180555555555556 0.010546875 0.011805555555555555
0 0.1484375 0.4423611111111111 0.017578125 0.01597222222222222
0 0.965625 0.49444444444444446 0.011328125 0.016666666666666666
0 0.867578125 0.29375 0.009375 0.010416666666666666
0 0.869921875 0.3173611111111111 0.010546875 0.014583333333333334
0 0.882421875 0.36319444444444443 0.012890625 0.01875
0 0.062890625 0.6222222222222222 0.012890625 0.02013888888888889
0 0.013671875 0.6423611111111112 0.021484375 0.021527777777777778
0 0.030078125 0.61875 0.01875 0.022222222222222223
3 0.54453125 0.75 0.01640625 0.05694444444444444
3 0.52890625 0.8243055555555555 0.026953125 0.06944444444444445
3 0.51796875 0.925 0.030859375 0.05277777777777778