2 0.10859375 0.9347222222222222 0.053125 0.12777777777777777
2 0.03203125 0.9513888888888888 0.0265625 0.09444444444444444
1 0.740234375 0.8722222222222222 0.51640625 0.25
1 0.850390625 0.8340277777777778 0.29453125 0.09027777777777778
1 0.955859375 0.8284722222222223 0.01796875 0.07083333333333333
1 0.902734375 0.8284722222222223 0.01484375 0.06805555555555555
3 0.344140625 0.5381944444444444 0.21015625 0.6652777777777777
3 0.950390625 0.4326388888888889 0.09765625 0.24861111111111112
3 0.90390625 0.40347222222222223 0.11875 0.30416666666666664
3 0.730078125 0.5395833333333333 0.04921875 0.059722222222222225
3 0.59375 0.47638888888888886 0.178125 0.7388888888888889
3 0.83046875 0.425 0.1015625 0.36944444444444446
3 0.7671875 0.49930555555555556 0.1359375 0.6541666666666667
3 0.391796875 0.6208333333333333 0.11484375 0.48333333333333334
3 0.90703125 0.6993055555555555 0.1390625 0.2986111111111111
3 0.84921875 0.5069444444444444 0.2984375 0.6722222222222223
3 0.7921875 0.6881944444444444 0.121875 0.2902777777777778