3 0.737109375 0.7541666666666667 0.07890625 0.2861111111111111
2 0.367578125 0.9125 0.01796875 0.07222222222222222
2 0.241015625 0.8923611111111112 0.01484375 0.05138888888888889
2 0.22265625 0.8986111111111111 0.0109375 0.041666666666666664
1 0.318359375 0.9590277777777778 0.33828125 0.07916666666666666
3 0.233984375 0.4986111111111111 0.46796875 0.9944444444444445
3 0.644921875 0.7326388888888888 0.07421875 0.2652777777777778
3 0.876953125 0.7409722222222223 0.06796875 0.33194444444444443
3 0.69609375 0.7645833333333333 0.0703125 0.20416666666666666
3 0.975 0.5666666666666667 0.0484375 0.20833333333333334
3 0.933984375 0.7430555555555556 0.11015625 0.375
3 0.606640625 0.7833333333333333 0.05859375 0.18611111111111112
3 0.7984375 0.8395833333333333 0.05625 0.13194444444444445
3 0.94765625 0.76875 0.0796875 0.12916666666666668
3 0.35703125 0.7618055555555555 0.0796875 0.27361111111111114
3 0.862890625 0.825 0.06171875 0.09444444444444444
3 0.5828125 0.74375 0.015625 0.21805555555555556