3 0.49609375 0.6236111111111111 0.059375 0.2361111111111111
3 0.956640625 0.8368055555555556 0.08515625 0.32083333333333336
3 0.381640625 0.5826388888888889 0.04765625 0.1597222222222222
3 0.2625 0.55625 0.0515625 0.16527777777777777
3 0.18671875 0.5826388888888889 0.05 0.15416666666666667
3 0.76640625 0.8631944444444445 0.06875 0.26805555555555555
3 0.7546875 0.5472222222222223 0.0859375 0.12777777777777777
3 0.09375 0.9402777777777778 0.0546875 0.11388888888888889
3 0.45703125 0.6180555555555556 0.0453125 0.19722222222222222
3 0.216796875 0.55 0.04921875 0.18888888888888888
3 0.294921875 0.8409722222222222 0.03671875 0.09027777777777778
3 0.1953125 0.9090277777777778 0.0296875 0.07361111111111111
3 0.356640625 0.5569444444444445 0.04453125 0.16944444444444445
3 0.76484375 0.7715277777777778 0.0625 0.08472222222222223
3 0.153515625 0.95625 0.01953125 0.04861111111111111
3 0.37265625 0.35555555555555557 0.025 0.05
3 0.803515625 0.9701388888888889 0.02890625 0.05416666666666667
3 0.1390625 0.5847222222222223 0.0515625 0.18888888888888888
3 0.30859375 0.5277777777777778 0.040625 0.16111111111111112
3 0.525 0.9694444444444444 0.1125 0.058333333333333334
3 0.408203125 0.6611111111111111 0.03046875 0.05277777777777778
3 0.31640625 0.625 0.0359375 0.04722222222222222
3 0.33359375 0.5423611111111111 0.0421875 0.1625
3 0.345703125 0.5513888888888889 0.11796875 0.2111111111111111
3 0.10859375 0.6152777777777778 0.0640625 0.20277777777777778
3 0.0390625 0.6465277777777778 0.078125 0.2708333333333333
1 0.42109375 0.9215277777777777 0.218359375 0.1486111111111111