2 0.3078125 0.6208333333333333 0.0359375 0.24722222222222223
2 0.9703125 0.6722222222222223 0.0578125 0.65
2 0.358203125 0.625 0.03359375 0.2388888888888889
2 0.4765625 0.6611111111111111 0.0546875 0.30833333333333335
2 0.82890625 0.5458333333333333 0.034375 0.10833333333333334
2 0.208984375 0.6354166666666666 0.03828125 0.10416666666666667
2 0.56796875 0.6034722222222222 0.034375 0.1597222222222222
3 0.110546875 0.6229166666666667 0.21953125 0.41805555555555557
3 0.723046875 0.5902777777777778 0.08515625 0.24722222222222223
3 0.88125 0.3159722222222222 0.175 0.6319444444444444
3 0.344140625 0.3888888888888889 0.05546875 0.08333333333333333
3 0.60703125 0.5756944444444444 0.0328125 0.11527777777777778
3 0.247265625 0.3958333333333333 0.03046875 0.07777777777777778
3 0.2640625 0.58125 0.059375 0.09861111111111111
3 0.262109375 0.5583333333333333 0.05546875 0.3888888888888889
3 0.290234375 0.40694444444444444 0.04140625 0.05277777777777778