3 0.58359375 0.4263888888888889 0.1015625 0.49166666666666664
2 0.371875 0.7722222222222223 0.0484375 0.14166666666666666
2 0.49296875 0.6618055555555555 0.0140625 0.05416666666666667
2 0.48046875 0.6611111111111111 0.015625 0.05277777777777778
2 0.338671875 0.76875 0.04453125 0.14305555555555555
3 0.175390625 0.7416666666666667 0.06953125 0.14444444444444443
3 0.6765625 0.4215277777777778 0.1421875 0.5069444444444444
3 0.223046875 0.4201388888888889 0.11484375 0.5013888888888889
3 0.750390625 0.5986111111111111 0.05859375 0.19444444444444445
3 0.36640625 0.4791666666666667 0.1125 0.36666666666666664
3 0.51171875 0.4375 0.0984375 0.4666666666666667
3 0.0390625 0.42569444444444443 0.078125 0.5291666666666667
3 0.969921875 0.09513888888888888 0.05859375 0.18472222222222223
3 0.31328125 0.44583333333333336 0.1140625 0.43333333333333335
3 0.423046875 0.44722222222222224 0.06484375 0.41944444444444445
3 0.81171875 0.6243055555555556 0.0453125 0.15416666666666667
3 0.472265625 0.4534722222222222 0.08046875 0.4125
3 0.1421875 0.4548611111111111 0.146875 0.45416666666666666
3 0.054296875 0.6520833333333333 0.04296875 0.08194444444444444
3 0.183203125 0.6451388888888889 0.02578125 0.059722222222222225
3 0.25390625 0.5125 0.125 0.24722222222222223
3 0.090625 0.6527777777777778 0.028125 0.07222222222222222
3 0.21640625 0.6430555555555556 0.0265625 0.058333333333333334
3 0.251171875 0.6444444444444445 0.02109375 0.06111111111111111
3 0.019140625 0.65625 0.02734375 0.0763888888888889
3 0.341796875 0.6368055555555555 0.02109375 0.04861111111111111
3 0.3671875 0.6381944444444444 0.021875 0.04861111111111111
3 0.078125 0.45625 0.0703125 0.31805555555555554
3 0.394921875 0.6388888888888888 0.01796875 0.05277777777777778
3 0.31171875 0.6409722222222223 0.0234375 0.05416666666666667
3 0.29453125 0.6555555555555556 0.025 0.03888888888888889
3 0.2390625 0.5131944444444444 0.0546875 0.2513888888888889
3 0.11796875 0.6451388888888889 0.0265625 0.08472222222222223
3 0.73359375 0.59375 0.025 0.1597222222222222
3 0.969921875 0.20902777777777778 0.05859375 0.4125