2 0.596484375 0.8534722222222222 0.04765625 0.1986111111111111
2 0.509765625 0.6930555555555555 0.02421875 0.12222222222222222
2 0.96484375 0.9069444444444444 0.06875 0.18333333333333332
2 0.372265625 0.6027777777777777 0.02421875 0.08611111111111111
2 0.548046875 0.6527777777777778 0.01796875 0.09722222222222222
2 0.470703125 0.7833333333333333 0.02734375 0.1388888888888889
2 0.415625 0.5486111111111112 0.0125 0.06388888888888888
2 0.334765625 0.6125 0.02109375 0.1111111111111111
2 0.48828125 0.7520833333333333 0.0203125 0.10138888888888889
2 0.665625 0.8027777777777778 0.0265625 0.14722222222222223
2 0.710546875 0.8305555555555556 0.03046875 0.19444444444444445
2 0.425 0.5604166666666667 0.015625 0.07916666666666666
1 0.702734375 0.6055555555555555 0.12265625 0.1361111111111111
3 0.48671875 0.3138888888888889 0.062890625 0.55
3 0.54921875 0.31875 0.0578125 0.3875
3 0.04453125 0.7680555555555556 0.0890625 0.3
3 0.215234375 0.7875 0.17734375 0.17777777777777778
3 0.7921875 0.24375 0.0828125 0.12638888888888888
3 0.63359375 0.38055555555555554 0.109375 0.25555555555555554
3 0.7640625 0.31805555555555554 0.140625 0.275
3 0.5234375 0.34097222222222223 0.059375 0.41805555555555557
3 0.59453125 0.6798611111111111 0.1125 0.2513888888888889
3 0.657421875 0.37569444444444444 0.05859375 0.19583333333333333
3 0.8296875 0.4652777777777778 0.1546875 0.5527777777777778
3 0.455859375 0.8916666666666667 0.20234375 0.2111111111111111
2 0.675390625 0.875 0.037890625 0.1486111111111111