2 0.406640625 0.5923611111111111 0.02578125 0.12083333333333333
2 0.0125 0.7208333333333333 0.025 0.2833333333333333
2 0.3703125 0.5888888888888889 0.0296875 0.13055555555555556
2 0.59921875 0.5868055555555556 0.0203125 0.09583333333333334
2 0.92421875 0.5631944444444444 0.0109375 0.06527777777777778
2 0.50234375 0.5895833333333333 0.0203125 0.10416666666666667
2 0.467578125 0.5805555555555556 0.01953125 0.10555555555555556
2 0.720703125 0.5625 0.01953125 0.06111111111111111
2 0.859765625 0.6034722222222222 0.02421875 0.10694444444444444
2 0.78671875 0.5840277777777778 0.0140625 0.0763888888888889
3 0.1671875 0.6111111111111112 0.0515625 0.06388888888888888
3 0.76875 0.3145833333333333 0.134375 0.6291666666666667
3 0.7328125 0.4173611111111111 0.059375 0.1375
3 0.811328125 0.38472222222222224 0.06015625 0.11944444444444445
3 0.60078125 0.2923611111111111 0.11875 0.10694444444444444
3 0.654296875 0.3159722222222222 0.19921875 0.6319444444444444
3 0.349609375 0.3125 0.03515625 0.625
3 0.309375 0.5659722222222222 0.0578125 0.11527777777777778
3 0.02578125 0.4979166666666667 0.0515625 0.06805555555555555
3 0.22734375 0.5791666666666667 0.0875 0.10555555555555556
3 0.930078125 0.30694444444444446 0.13203125 0.6111111111111112
3 0.88359375 0.36944444444444446 0.0515625 0.1388888888888889
3 0.676171875 0.22777777777777777 0.13515625 0.24166666666666667
3 0.965234375 0.35138888888888886 0.06796875 0.5083333333333333
3 0.85546875 0.30972222222222223 0.1390625 0.6194444444444445
3 0.775390625 0.31527777777777777 0.44609375 0.6305555555555555
3 0.812109375 0.45694444444444443 0.06171875 0.26666666666666666
3 0.60078125 0.3798611111111111 0.11875 0.28194444444444444