2 0.721875 0.6111111111111112 0.0140625 0.041666666666666664
2 0.51015625 0.6159722222222223 0.0109375 0.034722222222222224
2 0.9671875 0.61875 0.0171875 0.043055555555555555
2 0.663671875 0.6027777777777777 0.01015625 0.044444444444444446
1 0.846484375 0.7895833333333333 0.30546875 0.22083333333333333
1 0.84375 0.6666666666666666 0.309375 0.4666666666666667
1 0.606640625 0.6833333333333333 0.03984375 0.06388888888888888
3 0.3375 0.33611111111111114 0.1953125 0.6722222222222223
3 0.08125 0.4986111111111111 0.1625 0.9972222222222222
3 0.184765625 0.36319444444444443 0.16640625 0.6736111111111112
3 0.415625 0.475 0.0421875 0.09166666666666666
3 0.4515625 0.4701388888888889 0.115625 0.10138888888888889
0 0.33671875 0.6388888888888888 0.0234375 0.030555555555555555