2 0.298046875 0.6048611111111111 0.022265625 0.10833333333333334
2 0.390625 0.6236111111111111 0.020703125 0.10833333333333334
2 0.587890625 0.6479166666666667 0.0265625 0.11388888888888889
2 0.355859375 0.5833333333333334 0.017578125 0.09444444444444444
2 0.235546875 0.6298611111111111 0.018359375 0.09444444444444444
1 0.912109375 0.9138888888888889 0.041796875 0.044444444444444446
3 0.647265625 0.1798611111111111 0.076953125 0.14444444444444443
3 0.5203125 0.17569444444444443 0.084375 0.1361111111111111
3 0.465234375 0.5854166666666667 0.190625 0.21597222222222223
3 0.36953125 0.19791666666666666 0.0640625 0.06458333333333334
3 0.16171875 0.5909722222222222 0.209765625 0.2326388888888889
3 0.3375 0.5166666666666667 0.091796875 0.0798611111111111
3 0.929296875 0.7986111111111112 0.140234375 0.27708333333333335
3 0.922265625 0.6173611111111111 0.0859375 0.20208333333333334
3 0.618359375 0.5451388888888888 0.06875 0.1284722222222222
1 0.569140625 0.5138888888888888 0.08203125 0.06666666666666667