2 0.942578125 0.825 0.11328125 0.3416666666666667
2 0.866015625 0.8548611111111111 0.22734375 0.2791666666666667
2 0.707421875 0.6256944444444444 0.01328125 0.07083333333333333
2 0.315234375 0.7111111111111111 0.01015625 0.030555555555555555
2 0.458203125 0.6694444444444444 0.02109375 0.041666666666666664
2 0.332421875 0.6902777777777778 0.01171875 0.044444444444444446
2 0.507421875 0.65 0.01015625 0.041666666666666664
2 0.4703125 0.5590277777777778 0.0109375 0.018055555555555554
2 0.798046875 0.625 0.01015625 0.044444444444444446
2 0.673828125 0.6270833333333333 0.01640625 0.05694444444444444
2 0.11640625 0.7354166666666667 0.0140625 0.059722222222222225
1 0.682421875 0.6951388888888889 0.63046875 0.3680555555555556
1 0.653515625 0.6680555555555555 0.30234375 0.3138888888888889
3 0.678515625 0.4395833333333333 0.10234375 0.43472222222222223
3 0.773828125 0.375 0.10703125 0.46111111111111114
3 0.852734375 0.35138888888888886 0.08671875 0.37222222222222223
3 0.075 0.125 0.15 0.25
3 0.892578125 0.3597222222222222 0.04921875 0.3111111111111111
3 0.956640625 0.33402777777777776 0.05390625 0.19027777777777777
3 0.926171875 0.3236111111111111 0.05859375 0.23333333333333334
3 0.9859375 0.32569444444444445 0.0265625 0.09861111111111111
3 0.74375 0.38680555555555557 0.040625 0.043055555555555555
3 0.98125 0.3541666666666667 0.0359375 0.15555555555555556
3 0.926953125 0.3597222222222222 0.10859375 0.3111111111111111
3 0.85859375 0.3784722222222222 0.2765625 0.46805555555555556