2 0.024609375 0.6652777777777777 0.04921875 0.12777777777777777
1 0.827734375 0.5784722222222223 0.34140625 0.3013888888888889
1 0.271875 0.7902777777777777 0.5421875 0.4111111111111111
1 0.16796875 0.7583333333333333 0.028125 0.11666666666666667
1 0.837109375 0.5715277777777777 0.323046875 0.31805555555555554
3 0.68046875 0.3034722222222222 0.09375 0.20972222222222223
3 0.588671875 0.3993055555555556 0.06796875 0.16805555555555557
3 0.026953125 0.3659722222222222 0.05390625 0.30972222222222223
3 0.121875 0.4083333333333333 0.078125 0.31666666666666665
3 0.73046875 0.5173611111111112 0.0859375 0.18194444444444444
3 0.080078125 0.37430555555555556 0.07265625 0.3013888888888889
3 0.483984375 0.425 0.05234375 0.20833333333333334
3 0.05 0.44583333333333336 0.0640625 0.18055555555555555
3 0.97109375 0.3625 0.05625 0.13055555555555556
3 0.365234375 0.34305555555555556 0.09140625 0.2722222222222222
3 0.18203125 0.5854166666666667 0.1140625 0.2708333333333333
3 0.438671875 0.42916666666666664 0.06796875 0.3138888888888889
3 0.069140625 0.6201388888888889 0.07421875 0.20694444444444443
3 0.194140625 0.38125 0.07265625 0.23472222222222222
3 0.2703125 0.4361111111111111 0.171875 0.44166666666666665
3 0.51953125 0.43472222222222223 0.06875 0.09166666666666666
3 0.533984375 0.35694444444444445 0.05546875 0.09444444444444444
3 0.987109375 0.5527777777777778 0.02421875 0.10555555555555556
3 0.563671875 0.5090277777777777 0.03671875 0.14027777777777778
3 0.801953125 0.44305555555555554 0.02890625 0.05277777777777778
3 0.151171875 0.3993055555555556 0.05859375 0.1375
3 0.253125 0.42916666666666664 0.0796875 0.42777777777777776
3 0.83671875 0.44583333333333336 0.053125 0.04722222222222222
3 0.500390625 0.4888888888888889 0.03203125 0.09444444444444444
3 0.253515625 0.28888888888888886 0.07421875 0.15
3 0.34765625 0.5701388888888889 0.0828125 0.14027777777777778
3 0.836328125 0.5236111111111111 0.05390625 0.20277777777777778
3 0.563671875 0.4618055555555556 0.03515625 0.04583333333333333
3 0.9203125 0.5520833333333334 0.03125 0.18472222222222223
3 0.41015625 0.5041666666666667 0.0375 0.175
3 0.795703125 0.50625 0.04453125 0.17916666666666667
3 0.97109375 0.4673611111111111 0.05625 0.3402777777777778
3 0.390234375 0.37569444444444444 0.04453125 0.09861111111111111
3 0.615234375 0.4576388888888889 0.01796875 0.05138888888888889
3 0.38984375 0.4465277777777778 0.0484375 0.24027777777777778
3 0.801953125 0.46875 0.03046875 0.10416666666666667
3 0.51953125 0.48055555555555557 0.0703125 0.18333333333333332
0 0.440234375 0.5701388888888889 0.01015625 0.018055555555555554