2 0.0796875 0.7381944444444445 0.090625 0.35138888888888886
2 0.3 0.6590277777777778 0.04375 0.14027777777777778
2 0.023828125 0.7555555555555555 0.04765625 0.3194444444444444
2 0.801171875 0.6104166666666667 0.03203125 0.09305555555555556
2 0.7734375 0.6118055555555556 0.0296875 0.09583333333333334
2 0.7453125 0.6111111111111112 0.0203125 0.06944444444444445
1 0.906640625 0.8416666666666667 0.18515625 0.08333333333333333
3 0.3515625 0.8638888888888889 0.4421875 0.26666666666666666
3 0.53828125 0.4708333333333333 0.1921875 0.3888888888888889
3 0.230078125 0.34930555555555554 0.46015625 0.6986111111111111
3 0.450390625 0.61875 0.03984375 0.09583333333333334
3 0.391015625 0.4736111111111111 0.11328125 0.4
3 0.386328125 0.6055555555555555 0.09296875 0.1388888888888889
3 0.90625 0.34375 0.184375 0.5680555555555555
3 0.34453125 0.3375 0.234375 0.675
3 0.05 0.58125 0.1 0.14305555555555555