3 0.119140625 0.49027777777777776 0.23828125 0.6416666666666667
2 0.269140625 0.6138888888888889 0.02890625 0.12777777777777777
2 0.23359375 0.6423611111111112 0.0484375 0.07916666666666666
2 0.289453125 0.5930555555555556 0.02421875 0.08055555555555556
3 0.433203125 0.5965277777777778 0.06484375 0.11805555555555555
3 0.33359375 0.5590277777777778 0.109375 0.37083333333333335
3 0.52109375 0.6034722222222222 0.046875 0.1375
2 0.619140625 0.6493055555555556 0.033984375 0.16041666666666668
2 0.659765625 0.6319444444444444 0.021484375 0.12291666666666666
2 0.641015625 0.6298611111111111 0.029296875 0.1375
2 0.584765625 0.6194444444444445 0.0203125 0.10277777777777777