2 0.5046875 0.9618055555555556 0.04375 0.07361111111111111
2 0.077734375 0.8777777777777778 0.01640625 0.08055555555555556
2 0.04140625 0.8791666666666667 0.015625 0.07222222222222222
3 0.7234375 0.6305555555555555 0.1234375 0.5833333333333334
3 0.645703125 0.6729166666666667 0.15234375 0.4986111111111111
3 0.07890625 0.47638888888888886 0.1578125 0.6833333333333333
3 0.185546875 0.5423611111111111 0.20546875 0.5930555555555556
3 0.3640625 0.41388888888888886 0.209375 0.5444444444444444
3 0.8359375 0.6451388888888889 0.1453125 0.5541666666666667
3 0.96484375 0.5090277777777777 0.06875 0.32083333333333336
3 0.555859375 0.5388888888888889 0.07578125 0.3055555555555556
3 0.700390625 0.8881944444444444 0.02890625 0.07916666666666666
3 0.776171875 0.8930555555555556 0.02734375 0.07777777777777778
3 0.278125 0.5895833333333333 0.1234375 0.6791666666666667
3 0.948828125 0.6708333333333333 0.06640625 0.3611111111111111
3 0.742578125 0.7548611111111111 0.14140625 0.30972222222222223
3 0.736328125 0.8854166666666666 0.02890625 0.07361111111111111
3 0.97421875 0.8958333333333334 0.034375 0.08055555555555556
3 0.2171875 0.8944444444444445 0.0421875 0.1111111111111111
3 0.89140625 0.8868055555555555 0.0265625 0.05694444444444444
3 0.92890625 0.8875 0.034375 0.06666666666666667