2 0.296484375 0.6 0.01640625 0.058333333333333334
2 0.942578125 0.7284722222222222 0.05078125 0.12916666666666668
2 0.723828125 0.6027777777777777 0.01015625 0.03888888888888889
2 0.6328125 0.6013888888888889 0.009375 0.041666666666666664
1 0.065234375 0.8590277777777777 0.05703125 0.2763888888888889
1 0.56640625 0.8354166666666667 0.0375 0.23194444444444445
1 0.898046875 0.9159722222222222 0.03671875 0.15416666666666667
1 0.35390625 0.8694444444444445 0.040625 0.25
1 0.745703125 0.8763888888888889 0.03046875 0.16666666666666666
1 0.50078125 0.8520833333333333 0.99375 0.2902777777777778
1 0.5734375 0.96875 0.03125 0.05694444444444444
3 0.529296875 0.42986111111111114 0.08671875 0.3375
3 0.457421875 0.4152777777777778 0.08671875 0.33611111111111114
3 0.912890625 0.4395833333333333 0.08359375 0.29305555555555557
3 0.381640625 0.4166666666666667 0.09765625 0.225
3 0.790625 0.4652777777777778 0.0765625 0.28888888888888886
3 0.971484375 0.4354166666666667 0.05546875 0.31805555555555554
3 0.1328125 0.7166666666666667 0.1796875 0.40555555555555556
3 0.753125 0.49027777777777776 0.0671875 0.24444444444444444
3 0.70859375 0.45555555555555555 0.0828125 0.3138888888888889
3 0.180078125 0.4513888888888889 0.36015625 0.9027777777777778
3 0.954296875 0.5055555555555555 0.06484375 0.16944444444444445
3 0.611328125 0.36041666666666666 0.09296875 0.15416666666666667
3 0.572265625 0.49166666666666664 0.07265625 0.2111111111111111
3 0.320703125 0.3819444444444444 0.10234375 0.41944444444444445
3 0.74375 0.7256944444444444 0.0578125 0.18194444444444444
3 0.6625 0.5083333333333333 0.1015625 0.2111111111111111
3 0.8921875 0.5326388888888889 0.0578125 0.09027777777777778
3 0.82578125 0.7763888888888889 0.090625 0.15555555555555556
3 0.805859375 0.48819444444444443 0.03671875 0.07083333333333333
3 0.40859375 0.7104166666666667 0.103125 0.3736111111111111
3 0.65625 0.80625 0.0796875 0.12916666666666668
3 0.83046875 0.5527777777777778 0.0640625 0.125
3 0.833984375 0.4215277777777778 0.02734375 0.15138888888888888
3 0.97421875 0.6847222222222222 0.05 0.2222222222222222
3 0.6109375 0.44027777777777777 0.0921875 0.3138888888888889
3 0.6421875 0.5236111111111111 0.059375 0.17222222222222222
0 0.233984375 0.5645833333333333 0.01796875 0.02638888888888889