3 0.5125 0.36180555555555555 0.153125 0.44305555555555554
2 0.82890625 0.6173611111111111 0.15625 0.7152777777777778
2 0.4921875 0.6541666666666667 0.125 0.6555555555555556
2 0.976171875 0.4756944444444444 0.04609375 0.24027777777777778
1 0.429296875 0.4965277777777778 0.04140625 0.1986111111111111
1 0.432421875 0.4388888888888889 0.03203125 0.08333333333333333
3 0.344140625 0.32083333333333336 0.20703125 0.4888888888888889
3 0.5171875 0.24375 0.14375 0.2013888888888889
3 0.380859375 0.4423611111111111 0.09296875 0.24027777777777778
0 0.91328125 0.48333333333333334 0.021875 0.03333333333333333
1 0.57890625 0.5027777777777778 0.023828125 0.23125