2 0.227734375 0.8395833333333333 0.009375 0.04722222222222222
2 0.591796875 0.9215277777777777 0.016015625 0.06180555555555556
2 0.56875 0.9069444444444444 0.011328125 0.05277777777777778
2 0.58046875 0.90625 0.0109375 0.052083333333333336
2 0.801171875 0.8201388888888889 0.010546875 0.04791666666666667
2 0.82421875 0.8576388888888888 0.0078125 0.03333333333333333
2 0.5875 0.8243055555555555 0.009375 0.03958333333333333
2 0.59765625 0.8270833333333333 0.008984375 0.03888888888888889
2 0.891015625 0.8208333333333333 0.008203125 0.030555555555555555
1 0.321484375 0.9256944444444445 0.130078125 0.14444444444444443
1 0.596484375 0.5833333333333334 0.101171875 0.09652777777777778
1 0.611328125 0.6798611111111111 0.084765625 0.09791666666666667
3 0.153125 0.6534722222222222 0.101953125 0.36180555555555555
3 0.049609375 0.8527777777777777 0.09921875 0.28888888888888886
3 0.244921875 0.6243055555555556 0.105859375 0.4173611111111111
3 0.744921875 0.66875 0.087109375 0.3840277777777778
3 0.50703125 0.9256944444444445 0.112890625 0.14444444444444443
3 0.793359375 0.7173611111111111 0.077734375 0.31666666666666665
3 0.51875 0.8229166666666666 0.054296875 0.07708333333333334
3 0.488671875 0.65625 0.05 0.07430555555555556
3 0.673828125 0.9409722222222222 0.1 0.11458333333333333
3 0.658984375 0.8208333333333333 0.055859375 0.09722222222222222
3 0.494921875 0.5270833333333333 0.155078125 0.19166666666666668
3 0.2875 0.8083333333333333 0.029296875 0.07013888888888889
3 0.881640625 0.8881944444444444 0.1125 0.15
3 0.388671875 0.5576388888888889 0.068359375 0.12291666666666666
3 0.366796875 0.5972222222222222 0.029296875 0.05
3 0.194140625 0.8423611111111111 0.054296875 0.08333333333333333
3 0.744140625 0.9076388888888889 0.1078125 0.14791666666666667
3 0.232421875 0.9 0.046875 0.07430555555555556
3 0.232421875 0.8118055555555556 0.033984375 0.04513888888888889
3 0.635546875 0.60625 0.021484375 0.05277777777777778
3 0.5421875 0.6715277777777777 0.040625 0.05
3 0.0171875 0.7541666666666667 0.034375 0.13055555555555556
3 0.367578125 0.825 0.049609375 0.06458333333333334
3 0.454296875 0.5541666666666667 0.076171875 0.13958333333333334
3 0.300390625 0.5104166666666666 0.075390625 0.19652777777777777
3 0.391796875 0.8909722222222223 0.071484375 0.09652777777777778
3 0.944921875 0.6402777777777777 0.108984375 0.525
1 0.753125 0.9708333333333333 0.0609375 0.058333333333333334