2 0.393359375 0.9069444444444444 0.03515625 0.18333333333333332
2 0.43828125 0.8722222222222222 0.0859375 0.25277777777777777
2 0.1828125 0.8583333333333333 0.0796875 0.28055555555555556
2 0.273046875 0.8638888888888889 0.09296875 0.26944444444444443
2 0.341015625 0.8472222222222222 0.06640625 0.30277777777777776
2 0.5109375 0.8402777777777778 0.0625 0.31666666666666665
3 0.06640625 0.9194444444444444 0.1328125 0.15555555555555556
3 0.726171875 0.8055555555555556 0.16484375 0.11666666666666667
3 0.36875 0.38819444444444445 0.415625 0.7597222222222222
3 0.034765625 0.4 0.06953125 0.19444444444444445
3 0.334375 0.6277777777777778 0.0828125 0.15
3 0.416796875 0.6604166666666667 0.05390625 0.09861111111111111
3 0.734375 0.6236111111111111 0.2171875 0.275
3 0.8125 0.6895833333333333 0.06875 0.2263888888888889