2 0.31875 0.7611111111111111 0.015625 0.058333333333333334
2 0.94765625 0.8847222222222222 0.103125 0.22777777777777777
2 0.128515625 0.7777777777777778 0.01796875 0.08888888888888889
2 0.871875 0.9013888888888889 0.1859375 0.19444444444444445
2 0.861328125 0.7472222222222222 0.02265625 0.07777777777777778
2 0.28515625 0.7756944444444445 0.009375 0.043055555555555555
2 0.20625 0.7902777777777777 0.009375 0.05
1 0.64609375 0.7972222222222223 0.5203125 0.3611111111111111
1 0.665234375 0.8840277777777777 0.65703125 0.19583333333333333
3 0.6828125 0.55625 0.09375 0.4041666666666667
3 0.85859375 0.5090277777777777 0.0953125 0.3541666666666667
3 0.16015625 0.4979166666666667 0.3203125 0.9958333333333333
3 0.88828125 0.5298611111111111 0.0515625 0.3013888888888889
3 0.776953125 0.5270833333333333 0.10546875 0.4597222222222222
3 0.921484375 0.4861111111111111 0.05859375 0.2111111111111111
3 0.952734375 0.5034722222222222 0.05390625 0.1736111111111111
3 0.21015625 0.11527777777777778 0.221875 0.23055555555555557
3 0.230859375 0.78125 0.07890625 0.10416666666666667
3 0.741015625 0.5201388888888889 0.03359375 0.04027777777777778
3 0.209375 0.3229166666666667 0.225 0.6458333333333334
3 0.987890625 0.5826388888888889 0.02265625 0.2513888888888889
3 0.98828125 0.5166666666666667 0.021875 0.11944444444444445
3 0.919921875 0.5291666666666667 0.10234375 0.3