2 0.717578125 0.6659722222222222 0.03046875 0.09305555555555556
2 0.454296875 0.6784722222222223 0.02109375 0.0875
2 0.431640625 0.6833333333333333 0.02734375 0.07222222222222222
1 0.56015625 0.8979166666666667 0.140625 0.20416666666666666
3 0.64609375 0.5715277777777777 0.153125 0.2902777777777778
3 0.885546875 0.34305555555555556 0.22578125 0.6861111111111111
3 0.596484375 0.4131944444444444 0.16015625 0.4652777777777778
3 0.419140625 0.50625 0.16328125 0.35694444444444445
3 0.6984375 0.2972222222222222 0.0765625 0.2
3 0.595703125 0.29444444444444445 0.15703125 0.23055555555555557
3 0.860546875 0.5152777777777777 0.17265625 0.3138888888888889
3 0.7390625 0.5826388888888889 0.053125 0.12083333333333333
3 0.25 0.5131944444444444 0.128125 0.31527777777777777
3 0.82265625 0.5340277777777778 0.0984375 0.21805555555555556