1 0.92109375 0.63125 0.153125 0.08194444444444444
2 0.98125 0.5805555555555556 0.009375 0.05277777777777778
2 0.8015625 0.5611111111111111 0.0109375 0.027777777777777776
2 0.925390625 0.6298611111111111 0.01015625 0.05694444444444444
2 0.908984375 0.6277777777777778 0.00859375 0.05
2 0.953515625 0.6340277777777777 0.01171875 0.04861111111111111
1 0.673046875 0.46875 0.01328125 0.020833333333333332
1 0.931640625 0.63125 0.05546875 0.06527777777777778
3 0.126953125 0.4375 0.16953125 0.5527777777777778
3 0.604296875 0.32013888888888886 0.19296875 0.6402777777777777
3 0.0390625 0.4388888888888889 0.078125 0.5777777777777777
3 0.21328125 0.6194444444444445 0.0625 0.19722222222222222
3 0.485546875 0.35833333333333334 0.11015625 0.6166666666666667
3 0.379296875 0.4986111111111111 0.23515625 0.9972222222222222
3 0.7265625 0.4201388888888889 0.13125 0.1125
3 0.271484375 0.625 0.04453125 0.13333333333333333
3 0.19609375 0.6180555555555556 0.0296875 0.16111111111111112