2 0.732421875 0.7472222222222222 0.03046875 0.13333333333333333
2 0.95546875 0.6534722222222222 0.0234375 0.11805555555555555
2 0.156640625 0.7236111111111111 0.03359375 0.12777777777777777
2 0.181640625 0.6909722222222222 0.02734375 0.10972222222222222
2 0.33125 0.6854166666666667 0.0234375 0.12083333333333333
2 0.587890625 0.5506944444444445 0.01484375 0.06805555555555555
2 0.5265625 0.98125 0.0171875 0.034722222222222224
2 0.41171875 0.6784722222222223 0.0265625 0.0763888888888889
2 0.9234375 0.5701388888888889 0.0125 0.06805555555555555
2 0.786328125 0.9486111111111111 0.03359375 0.1
2 0.91640625 0.6430555555555556 0.0328125 0.09166666666666666
1 0.5 0.39375 0.053125 0.09583333333333334
3 0.56015625 0.42777777777777776 0.0453125 0.11388888888888889
3 0.435546875 0.42430555555555555 0.03828125 0.09861111111111111