3 0.89609375 0.4076388888888889 0.053515625 0.08541666666666667
3 0.18984375 0.3840277777777778 0.041015625 0.08263888888888889
3 0.899609375 0.2590277777777778 0.041015625 0.08541666666666667
3 0.95 0.4395833333333333 0.0625 0.12291666666666666
3 0.870703125 0.37083333333333335 0.066015625 0.11180555555555556
3 0.178515625 0.29097222222222224 0.056640625 0.10069444444444445
3 0.437890625 0.5444444444444444 0.036328125 0.22013888888888888
3 0.980859375 0.016666666666666666 0.021484375 0.03333333333333333
3 0.147265625 0.38958333333333334 0.0546875 0.08611111111111111
3 0.60234375 0.1388888888888889 0.022265625 0.03888888888888889
3 0.030859375 0.059027777777777776 0.026171875 0.06180555555555556
3 0.265625 0.37777777777777777 0.084375 0.12430555555555556
3 0.109375 0.4756944444444444 0.023828125 0.050694444444444445
3 0.044921875 0.4951388888888889 0.0703125 0.08333333333333333
3 0.468359375 0.22430555555555556 0.027734375 0.09930555555555555
3 0.375 0.21875 0.033203125 0.07708333333333334
3 0.48203125 0.46041666666666664 0.049609375 0.09513888888888888
3 0.091796875 0.46597222222222223 0.024609375 0.07013888888888889
3 0.100390625 0.4847222222222222 0.041796875 0.11041666666666666
3 0.376953125 0.37083333333333335 0.109375 0.13055555555555556
3 0.21484375 0.23541666666666666 0.0265625 0.05486111111111111
3 0.572265625 0.9104166666666667 0.072265625 0.175
3 0.34140625 0.3645833333333333 0.037890625 0.10277777777777777
3 0.0625 0.5006944444444444 0.038671875 0.07152777777777777
3 0.86640625 0.19236111111111112 0.028515625 0.06736111111111111
3 0.132421875 0.3861111111111111 0.027734375 0.08125
3 0.650390625 0.03263888888888889 0.04453125 0.06527777777777778
3 0.43671875 0.475 0.033984375 0.08125
3 0.734765625 0.06111111111111111 0.034765625 0.05347222222222222
3 0.466015625 0.25763888888888886 0.016015625 0.05625
3 0.368359375 0.14652777777777778 0.022265625 0.05555555555555555
3 0.014453125 0.07430555555555556 0.018359375 0.03819444444444445
3 0.509765625 0.14097222222222222 0.0125 0.019444444444444445
3 0.499609375 0.8770833333333333 0.030859375 0.08888888888888889
3 0.893359375 0.2298611111111111 0.084375 0.14444444444444443
3 0.408203125 0.37430555555555556 0.047265625 0.09444444444444444
3 0.651953125 0.1701388888888889 0.0140625 0.029861111111111113
3 0.448046875 0.95 0.023828125 0.09652777777777778
3 0.4859375 0.6673611111111111 0.057421875 0.5104166666666666
3 0.481640625 0.5229166666666667 0.048828125 0.21944444444444444
3 0.3390625 0.18263888888888888 0.046875 0.10208333333333333
3 0.991015625 0.09513888888888888 0.0171875 0.058333333333333334
3 0.992578125 0.4895833333333333 0.013671875 0.04513888888888889
0 0.866796875 0.14652777777777778 0.014453125 0.014583333333333334
0 0.971875 0.28888888888888886 0.017578125 0.022222222222222223
0 0.831640625 0.10208333333333333 0.012890625 0.011111111111111112
0 0.98125 0.2513888888888889 0.019921875 0.021527777777777778
0 0.760546875 0.06805555555555555 0.0125 0.011805555555555555
0 0.78828125 0.07152777777777777 0.015234375 0.013194444444444444
0 0.789453125 0.08888888888888889 0.0140625 0.013194444444444444
0 0.703515625 0.027777777777777776 0.009765625 0.009027777777777777
0 0.704296875 0.04791666666666667 0.014453125 0.013194444444444444