2 0.84140625 0.48541666666666666 0.009765625 0.027777777777777776
1 0.29921875 0.42569444444444443 0.037890625 0.03958333333333333
3 0.82265625 0.12916666666666668 0.041015625 0.08402777777777778
3 0.922265625 0.41180555555555554 0.0296875 0.12222222222222222
3 0.86875 0.38333333333333336 0.028125 0.13125
3 0.89375 0.40625 0.026171875 0.11666666666666667
3 0.7625 0.4965277777777778 0.032421875 0.06736111111111111
3 0.57734375 0.5048611111111111 0.024609375 0.05625
3 0.366015625 0.4826388888888889 0.102734375 0.18333333333333332
3 0.1515625 0.3611111111111111 0.017578125 0.04791666666666667
3 0.9765625 0.4701388888888889 0.029296875 0.09652777777777778
3 0.03046875 0.19027777777777777 0.0578125 0.09166666666666666
3 0.32109375 0.3034722222222222 0.075390625 0.14375
3 0.532421875 0.73125 0.039453125 0.07430555555555556
3 0.228515625 0.7951388888888888 0.044921875 0.08402777777777778
3 0.573046875 0.1625 0.037109375 0.08958333333333333
3 0.97890625 0.9076388888888889 0.040234375 0.12013888888888889
3 0.584765625 0.5965277777777778 0.035546875 0.04236111111111111
3 0.608203125 0.8645833333333334 0.034375 0.07291666666666667
3 0.17890625 0.48541666666666666 0.112109375 0.1527777777777778
3 0.015234375 0.7854166666666667 0.030078125 0.10486111111111111
3 0.248046875 0.3194444444444444 0.0234375 0.05347222222222222
3 0.191796875 0.049305555555555554 0.034765625 0.059027777777777776
3 0.215625 0.02361111111111111 0.023828125 0.04722222222222222
3 0.278515625 0.5548611111111111 0.029296875 0.05347222222222222
3 0.588671875 0.12708333333333333 0.0265625 0.058333333333333334
3 0.498046875 0.6381944444444444 0.025 0.06319444444444444
3 0.162890625 0.2965277777777778 0.023046875 0.041666666666666664
3 0.70703125 0.29930555555555555 0.043359375 0.06041666666666667
3 0.080859375 0.13958333333333334 0.054296875 0.08125
3 0.050390625 0.36736111111111114 0.038671875 0.08541666666666667
3 0.614453125 0.6256944444444444 0.035546875 0.058333333333333334
3 0.16328125 0.029166666666666667 0.034765625 0.050694444444444445
3 0.2453125 0.39444444444444443 0.019921875 0.04791666666666667
3 0.116015625 0.12569444444444444 0.0328125 0.08333333333333333
3 0.560546875 0.9555555555555556 0.026171875 0.04791666666666667
3 0.50390625 0.1625 0.0265625 0.049305555555555554
3 0.75703125 0.3909722222222222 0.0359375 0.05555555555555555
3 0.676953125 0.8458333333333333 0.021484375 0.03819444444444445
3 0.51484375 0.6118055555555556 0.0328125 0.07430555555555556
3 0.2671875 0.38263888888888886 0.026953125 0.04513888888888889
3 0.96484375 0.8173611111111111 0.021484375 0.05
3 0.736328125 0.9770833333333333 0.023828125 0.041666666666666664
3 0.547265625 0.5104166666666666 0.021484375 0.03888888888888889
3 0.714453125 0.0375 0.053515625 0.075
3 0.6140625 0.017361111111111112 0.05 0.034722222222222224
3 0.099609375 0.3576388888888889 0.021484375 0.04652777777777778
3 0.148828125 0.4618055555555556 0.053125 0.10555555555555556
3 0.2921875 0.5604166666666667 0.05625 0.09097222222222222
3 0.305078125 0.2875 0.043359375 0.11041666666666666
3 0.327734375 0.32569444444444445 0.048046875 0.1
3 0.63359375 0.8979166666666667 0.0359375 0.06319444444444444
3 0.785546875 0.15902777777777777 0.038671875 0.05763888888888889
3 0.186328125 0.04027777777777778 0.0828125 0.07847222222222222
3 0.1375 0.11597222222222223 0.025 0.07222222222222222
3 0.959765625 0.8388888888888889 0.033984375 0.09652777777777778
3 0.892578125 0.39305555555555555 0.089453125 0.15833333333333333
0 0.098828125 0.08333333333333333 0.016796875 0.01875
0 0.128125 0.022916666666666665 0.016796875 0.022222222222222223
0 0.144921875 0.020833333333333332 0.0140625 0.017361111111111112
0 0.10234375 0.04652777777777778 0.009765625 0.013888888888888888
0 0.077734375 0.07708333333333334 0.016796875 0.021527777777777778
0 0.133984375 0.06666666666666667 0.015625 0.016666666666666666
0 0.027734375 0.1326388888888889 0.017578125 0.01875
0 0.0703125 0.06527777777777778 0.015625 0.019444444444444445
0 0.027734375 0.0875 0.020703125 0.027083333333333334
0 0.179296875 0.14930555555555555 0.0140625 0.017361111111111112
0 0.241015625 0.004166666666666667 0.008984375 0.008333333333333333
0 0.198046875 0.002777777777777778 0.0109375 0.005555555555555556