2 0.694921875 0.9583333333333334 0.05234375 0.08055555555555556
2 0.618359375 0.9666666666666667 0.02734375 0.06388888888888888
2 0.74609375 0.9604166666666667 0.0484375 0.0763888888888889
3 0.48828125 0.8965277777777778 0.1390625 0.19583333333333333
3 0.6546875 0.27847222222222223 0.2328125 0.23194444444444445
3 0.809375 0.5666666666666667 0.378125 0.8583333333333333
3 0.18203125 0.9444444444444444 0.0546875 0.10277777777777777
3 0.394921875 0.9479166666666666 0.04609375 0.09583333333333334
3 0.28359375 0.9229166666666667 0.0890625 0.14027777777777778
3 0.95546875 0.31319444444444444 0.0875 0.35138888888888886
3 0.209375 0.9284722222222223 0.046875 0.13194444444444445