2 0.0171875 0.7125 0.034375 0.25277777777777777
2 0.1109375 0.7194444444444444 0.05625 0.21388888888888888
2 0.516796875 0.6604166666666667 0.01640625 0.09861111111111111
2 0.6484375 0.6604166666666667 0.009375 0.043055555555555555
2 0.31953125 0.6701388888888888 0.0203125 0.10138888888888889
2 0.05546875 0.6729166666666667 0.0359375 0.09861111111111111
2 0.56015625 0.6791666666666667 0.021875 0.06111111111111111
2 0.978125 0.6798611111111111 0.0140625 0.06805555555555555
2 0.4984375 0.6701388888888888 0.0203125 0.08472222222222223
2 0.79453125 0.6854166666666667 0.021875 0.10416666666666667
2 0.99296875 0.68125 0.0125 0.08472222222222223
1 0.313671875 0.6895833333333333 0.60234375 0.25416666666666665
1 0.3140625 0.7805555555555556 0.603125 0.06388888888888888
1 0.30078125 0.6604166666666667 0.06875 0.17916666666666667
3 0.90703125 0.38333333333333336 0.1828125 0.7666666666666667
3 0.593359375 0.4548611111111111 0.10390625 0.3958333333333333
3 0.037109375 0.46041666666666664 0.07421875 0.19305555555555556
3 0.2375 0.5118055555555555 0.059375 0.16527777777777777
3 0.33125 0.49930555555555556 0.05 0.1736111111111111
3 0.37421875 0.5020833333333333 0.05625 0.14027777777777778
3 0.285546875 0.5173611111111112 0.06171875 0.1375
3 0.4140625 0.5284722222222222 0.053125 0.14583333333333334
3 0.55390625 0.5131944444444444 0.0828125 0.3458333333333333
3 0.497265625 0.4986111111111111 0.06953125 0.18333333333333332
3 0.122265625 0.46944444444444444 0.05390625 0.18888888888888888
3 0.09296875 0.4888888888888889 0.0828125 0.14444444444444443
3 0.17890625 0.4722222222222222 0.109375 0.2611111111111111
3 0.207421875 0.5458333333333333 0.05546875 0.11944444444444445
3 0.44921875 0.5243055555555556 0.05625 0.22083333333333333
3 0.7140625 0.6805555555555556 0.121875 0.18333333333333332
3 0.014453125 0.45694444444444443 0.02890625 0.19722222222222222
3 0.317578125 0.5263888888888889 0.02734375 0.11944444444444445
3 0.84609375 0.5173611111111112 0.0640625 0.07361111111111111
3 0.1890625 0.47291666666666665 0.0625 0.16805555555555557