3 0.717578125 0.15 0.29453125 0.3
2 0.63046875 0.49027777777777776 0.15 0.7472222222222222
2 0.359375 0.3541666666666667 0.0390625 0.2222222222222222
2 0.50234375 0.36527777777777776 0.04375 0.25
2 0.26640625 0.30694444444444446 0.0203125 0.1
2 0.39609375 0.35347222222222224 0.04375 0.23194444444444445
2 0.03828125 0.7618055555555555 0.0765625 0.2513888888888889
2 0.451953125 0.34375 0.03359375 0.16805555555555557
2 0.428515625 0.30972222222222223 0.02421875 0.12777777777777777
3 0.937890625 0.8354166666666667 0.12109375 0.3236111111111111
3 0.1625 0.5534722222222223 0.3234375 0.44027777777777777
3 0.72265625 0.2708333333333333 0.0484375 0.07777777777777778
3 0.83671875 0.6361111111111111 0.321875 0.4736111111111111
3 0.24609375 0.17708333333333334 0.159375 0.3541666666666667
3 0.48515625 0.13194444444444445 0.215625 0.2638888888888889
3 0.960546875 0.3090277777777778 0.07734375 0.4152777777777778
3 0.380859375 0.16597222222222222 0.11640625 0.22916666666666666
3 0.76640625 0.10625 0.2 0.2125
3 0.633203125 0.10555555555555556 0.12734375 0.2111111111111111
3 0.040234375 0.39375 0.078125 0.09166666666666666