3 0.061328125 0.425 0.12265625 0.3277777777777778
3 0.544140625 0.7534722222222222 0.1046875 0.20347222222222222
3 0.406640625 0.6111111111111112 0.066796875 0.11875
3 0.561328125 0.18958333333333333 0.196875 0.37777777777777777
3 0.617578125 0.8986111111111111 0.065234375 0.11736111111111111
3 0.80546875 0.4305555555555556 0.1109375 0.17777777777777778
3 0.923828125 0.89375 0.15 0.20833333333333334
3 0.177734375 0.8840277777777777 0.0625 0.15069444444444444
3 0.252734375 0.45208333333333334 0.039453125 0.08055555555555556
3 0.329296875 0.4215277777777778 0.0484375 0.14791666666666667
3 0.926953125 0.42569444444444443 0.144140625 0.33402777777777776
3 0.789453125 0.09930555555555555 0.096484375 0.15555555555555556
3 0.283984375 0.03263888888888889 0.083203125 0.06458333333333334
3 0.464453125 0.42430555555555555 0.046875 0.08333333333333333
3 0.66640625 0.6159722222222223 0.0734375 0.1423611111111111
3 0.6296875 0.6923611111111111 0.075 0.15
3 0.717578125 0.7951388888888888 0.041015625 0.10625
3 0.130078125 0.5076388888888889 0.0703125 0.16111111111111112
3 0.214453125 0.9680555555555556 0.050390625 0.06041666666666667
3 0.266796875 0.5131944444444444 0.028515625 0.05486111111111111
3 0.334765625 0.38680555555555557 0.035546875 0.07777777777777778
3 0.64765625 0.65625 0.1109375 0.22430555555555556
3 0.43671875 0.4076388888888889 0.105859375 0.20069444444444445
3 0.496484375 0.6284722222222222 0.03125 0.08125