1 0.499609375 0.8236111111111111 0.9984375 0.325
3 0.359375 0.2375 0.078125 0.17152777777777778
3 0.11875 0.13680555555555557 0.1953125 0.27361111111111114
3 0.680078125 0.30069444444444443 0.196875 0.33819444444444446
3 0.544921875 0.3034722222222222 0.06875 0.26458333333333334
3 0.1578125 0.27569444444444446 0.051953125 0.25069444444444444
3 0.791796875 0.3861111111111111 0.414453125 0.6055555555555555
3 0.386328125 0.41875 0.052734375 0.1076388888888889
3 0.776171875 0.6243055555555556 0.104296875 0.13819444444444445
3 0.544921875 0.23472222222222222 0.067578125 0.12708333333333333
3 0.276953125 0.2875 0.064453125 0.24513888888888888
3 0.421484375 0.2826388888888889 0.0578125 0.27291666666666664
3 0.893359375 0.34305555555555556 0.211328125 0.49166666666666664
3 0.61015625 0.20902777777777778 0.068359375 0.08333333333333333
3 0.238671875 0.25763888888888886 0.1421875 0.2861111111111111
3 0.106640625 0.47291666666666665 0.173828125 0.3701388888888889
3 0.41875 0.5777777777777777 0.343359375 0.21458333333333332