2 0.269921875 0.6354166666666666 0.02421875 0.07916666666666666
2 0.911328125 0.7930555555555555 0.05703125 0.20277777777777778
2 0.04921875 0.6277777777777778 0.021875 0.075
2 0.336328125 0.6638888888888889 0.02890625 0.04722222222222222
2 0.34375 0.6604166666666667 0.0125 0.0375
2 0.366796875 0.6638888888888889 0.02265625 0.044444444444444446
2 0.37421875 0.6604166666666667 0.01875 0.04027777777777778
2 0.720703125 0.6041666666666666 0.01015625 0.044444444444444446
2 0.004296875 0.6055555555555555 0.00859375 0.03888888888888889
1 0.215234375 0.5944444444444444 0.08515625 0.09166666666666666
1 0.1296875 0.6180555555555556 0.015625 0.030555555555555555
1 0.2078125 0.5951388888888889 0.0421875 0.0763888888888889
1 0.505859375 0.9388888888888889 0.04453125 0.1111111111111111
1 0.01875 0.6381944444444444 0.0375 0.05416666666666667
1 0.499609375 0.7958333333333333 0.99609375 0.4027777777777778
3 0.92734375 0.4125 0.0890625 0.325
3 0.264453125 0.39375 0.11953125 0.4597222222222222
3 0.340234375 0.46319444444444446 0.09765625 0.31805555555555554
3 0.503125 0.4270833333333333 0.096875 0.3625
3 0.03671875 0.16458333333333333 0.0734375 0.26805555555555555
3 0.795703125 0.4465277777777778 0.08984375 0.30972222222222223
3 0.754296875 0.48194444444444445 0.07890625 0.26944444444444443
3 0.969921875 0.48194444444444445 0.05859375 0.18888888888888888
3 0.149609375 0.29097222222222224 0.12890625 0.26805555555555555
3 0.550390625 0.4895833333333333 0.08203125 0.22083333333333333
3 0.980078125 0.3 0.03828125 0.125
3 0.229296875 0.4326388888888889 0.08828125 0.20416666666666666
3 0.65390625 0.5069444444444444 0.1125 0.23055555555555557
3 0.488671875 0.8458333333333333 0.11328125 0.30277777777777776
3 0.594140625 0.35 0.09921875 0.16944444444444445
3 0.423046875 0.42916666666666664 0.10234375 0.38333333333333336
3 0.7015625 0.4423611111111111 0.0921875 0.3402777777777778
3 0.838671875 0.5423611111111111 0.07109375 0.14027777777777778
3 0.66875 0.8951388888888889 0.1359375 0.20416666666666666
3 0.821875 0.5069444444444444 0.040625 0.125
3 0.594140625 0.4361111111111111 0.09921875 0.3416666666666667
3 0.034765625 0.4201388888888889 0.06953125 0.23194444444444445
3 0.90625 0.5180555555555556 0.071875 0.10277777777777777
3 0.28828125 0.5902777777777778 0.040625 0.08333333333333333
3 0.106640625 0.4736111111111111 0.20703125 0.33055555555555555
3 0.94921875 0.7465277777777778 0.1 0.3736111111111111
3 0.822265625 0.475 0.03828125 0.06111111111111111
3 0.980078125 0.40347222222222223 0.03828125 0.3347222222222222