2 0.56640625 0.5902777777777778 0.04375 0.19722222222222222
2 0.096484375 0.56875 0.02421875 0.059722222222222225
2 0.67890625 0.5701388888888889 0.028125 0.12361111111111112
2 0.619921875 0.5923611111111111 0.04609375 0.20416666666666666
2 0.0828125 0.5625 0.0203125 0.06388888888888888
1 0.183203125 0.6666666666666666 0.22578125 0.2777777777777778
1 0.155859375 0.6791666666666667 0.02890625 0.15
1 0.2203125 0.6263888888888889 0.025 0.19444444444444445
1 0.080859375 0.7145833333333333 0.02109375 0.11527777777777778
1 0.184765625 0.6319444444444444 0.23203125 0.5805555555555556
3 0.2265625 0.5104166666666666 0.14375 0.3347222222222222
3 0.8234375 0.6861111111111111 0.1328125 0.4305555555555556
3 0.219921875 0.775 0.15546875 0.2111111111111111
0 0.489453125 0.5756944444444444 0.01015625 0.04583333333333333