2 0.5234375 0.25416666666666665 0.0421875 0.19166666666666668
2 0.403125 0.25555555555555554 0.0609375 0.325
2 0.48125 0.25416666666666665 0.040625 0.18611111111111112
2 0.31953125 0.21875 0.028125 0.14027777777777778
2 0.43515625 0.23680555555555555 0.0296875 0.20416666666666666
2 0.280859375 0.19236111111111112 0.01171875 0.07083333333333333
2 0.353515625 0.2263888888888889 0.02421875 0.13333333333333333
1 0.8671875 0.1986111111111111 0.265625 0.3972222222222222
1 0.257421875 0.2263888888888889 0.06015625 0.044444444444444446
3 0.080859375 0.15763888888888888 0.15859375 0.2875
3 0.926953125 0.14652777777777778 0.12265625 0.2652777777777778
3 0.740625 0.16944444444444445 0.1359375 0.31666666666666665
3 0.82890625 0.1284722222222222 0.1 0.2569444444444444
3 0.286328125 0.15 0.09765625 0.24722222222222223
3 0.741015625 0.1638888888888889 0.26484375 0.3277777777777778