2 0.013671875 0.5826388888888889 0.01171875 0.06527777777777778
2 0.67734375 0.5909722222222222 0.015625 0.04861111111111111
2 0.828125 0.6291666666666667 0.015625 0.08055555555555556
2 0.803515625 0.6229166666666667 0.01640625 0.09305555555555556
2 0.78359375 0.6395833333333333 0.0171875 0.05694444444444444
2 0.109765625 0.6222222222222222 0.01484375 0.05277777777777778
1 0.454296875 0.6826388888888889 0.90703125 0.6263888888888889
1 0.180078125 0.6798611111111111 0.35390625 0.6319444444444444
3 0.822265625 0.4673611111111111 0.35390625 0.9347222222222222
3 0.10859375 0.39861111111111114 0.2171875 0.4305555555555556
3 0.5765625 0.42777777777777776 0.2359375 0.34444444444444444
3 0.3421875 0.45625 0.0328125 0.0875
3 0.4140625 0.47708333333333336 0.0296875 0.05416666666666667
3 0.57734375 0.5979166666666667 0.1390625 0.27361111111111114
3 0.2625 0.5527777777777778 0.065625 0.14166666666666666
3 0.382421875 0.4777777777777778 0.02578125 0.044444444444444446
3 0.3234375 0.4708333333333333 0.0125 0.05
3 0.2625 0.5298611111111111 0.0453125 0.09305555555555556