2 0.393359375 0.9430555555555555 0.00703125 0.019444444444444445
2 0.15 0.9673611111111111 0.00625 0.020833333333333332
2 0.357421875 0.9826388888888888 0.00546875 0.020833333333333332
2 0.718359375 0.9416666666666667 0.00546875 0.022222222222222223
2 0.622265625 0.9791666666666666 0.00546875 0.027777777777777776
3 0.534375 0.7930555555555555 0.0484375 0.14722222222222223
3 0.66328125 0.7284722222222222 0.040625 0.15416666666666667
3 0.440625 0.5631944444444444 0.0296875 0.09861111111111111
3 0.418359375 0.5729166666666666 0.02421875 0.08472222222222223
3 0.4234375 0.8833333333333333 0.0296875 0.07222222222222222
3 0.492578125 0.8430555555555556 0.03046875 0.10555555555555556
3 0.321875 0.5826388888888889 0.021875 0.09027777777777778
3 0.558203125 0.5784722222222223 0.01640625 0.0875
3 0.3609375 0.5854166666666667 0.025 0.08472222222222223
3 0.316015625 0.7597222222222222 0.05859375 0.15555555555555556
3 0.385546875 0.8513888888888889 0.04453125 0.14166666666666666
3 0.340625 0.5833333333333334 0.025 0.09722222222222222
3 0.30234375 0.5861111111111111 0.0265625 0.08888888888888889
3 0.44296875 0.7125 0.0234375 0.07777777777777778
3 0.09375 0.6590277777777778 0.05 0.18194444444444444
3 0.784765625 0.6833333333333333 0.04140625 0.08611111111111111
3 0.836328125 0.7722222222222223 0.03828125 0.10555555555555556
3 0.6390625 0.5298611111111111 0.025 0.09305555555555556
3 0.5671875 0.5743055555555555 0.0140625 0.06805555555555555
3 0.07109375 0.9020833333333333 0.0546875 0.1597222222222222
3 0.059375 0.8875 0.1171875 0.2222222222222222
3 0.341015625 0.85 0.04921875 0.19444444444444445
3 0.455859375 0.4951388888888889 0.02734375 0.0625
3 0.600390625 0.60625 0.02421875 0.23194444444444445
3 0.65546875 0.5263888888888889 0.0234375 0.08055555555555556
3 0.828515625 0.6770833333333334 0.03671875 0.07916666666666666
3 0.083203125 0.7395833333333334 0.03203125 0.059722222222222225
3 0.727734375 0.5319444444444444 0.02578125 0.08333333333333333
3 0.93046875 0.7138888888888889 0.05 0.18055555555555555
3 0.791796875 0.7722222222222223 0.03203125 0.12222222222222222
3 0.777734375 0.5534722222222223 0.04609375 0.10694444444444444
3 0.198046875 0.8826388888888889 0.02890625 0.14027777777777778
3 0.8359375 0.6944444444444444 0.2609375 0.28888888888888886
3 0.185546875 0.6430555555555556 0.04609375 0.1361111111111111
3 0.691796875 0.5347222222222222 0.02421875 0.08333333333333333
3 0.601171875 0.5451388888888888 0.02265625 0.10694444444444444
3 0.855078125 0.6979166666666666 0.03671875 0.08472222222222223
3 0.88203125 0.7513888888888889 0.0328125 0.11666666666666667
3 0.746875 0.5340277777777778 0.0234375 0.07916666666666666
3 0.51796875 0.8875 0.0203125 0.044444444444444446
3 0.330078125 0.49236111111111114 0.01953125 0.04861111111111111
3 0.39453125 0.7694444444444445 0.0375 0.058333333333333334
3 0.200390625 0.84375 0.02421875 0.0625
3 0.746875 0.6993055555555555 0.0375 0.0625
3 0.765234375 0.7729166666666667 0.03203125 0.13194444444444445
3 0.7203125 0.7833333333333333 0.028125 0.13055555555555556
3 0.834375 0.5993055555555555 0.0328125 0.07916666666666666
3 0.321484375 0.5840277777777778 0.10390625 0.10694444444444444
3 0.341015625 0.7402777777777778 0.20078125 0.41388888888888886
3 0.39453125 0.8215277777777777 0.040625 0.1625
3 0.094140625 0.6152777777777778 0.04765625 0.09444444444444444
3 0.74765625 0.7423611111111111 0.0390625 0.14583333333333334
0 0.058203125 0.6027777777777777 0.01015625 0.016666666666666666
0 0.967578125 0.9541666666666667 0.04609375 0.030555555555555555
0 0.065625 0.5736111111111111 0.0109375 0.013888888888888888
0 0.495703125 0.9159722222222222 0.03671875 0.04583333333333333
0 0.15078125 0.5958333333333333 0.009375 0.013888888888888888
0 0.113671875 0.4756944444444444 0.00703125 0.009722222222222222
0 0.887890625 0.9666666666666667 0.02890625 0.027777777777777776
0 0.12109375 0.5097222222222222 0.0078125 0.011111111111111112
0 0.1234375 0.525 0.0078125 0.011111111111111112
0 0.078515625 0.55625 0.00859375 0.0125
0 0.127734375 0.7298611111111111 0.01015625 0.020833333333333332
0 0.13515625 0.45625 0.0078125 0.009722222222222222
0 0.135546875 0.42916666666666664 0.00546875 0.008333333333333333
0 0.18203125 0.8805555555555555 0.0125 0.030555555555555555
0 0.076953125 0.5861111111111111 0.01015625 0.011111111111111112