2 0.359765625 0.6576388888888889 0.0296875 0.12013888888888889
2 0.1296875 0.6465277777777778 0.026953125 0.13402777777777777
2 0.233984375 0.6131944444444445 0.025 0.09722222222222222
2 0.156640625 0.58125 0.021484375 0.09513888888888888
3 0.25546875 0.14930555555555555 0.0890625 0.11458333333333333
3 0.384765625 0.16041666666666668 0.072265625 0.11319444444444444
3 0.50234375 0.18888888888888888 0.069140625 0.09444444444444444
3 0.442578125 0.18125 0.066015625 0.09444444444444444
3 0.556640625 0.20694444444444443 0.040625 0.06736111111111111
3 0.33046875 0.5868055555555556 0.184765625 0.21319444444444444
3 0.062890625 0.6111111111111112 0.109375 0.24791666666666667
3 0.45703125 0.5305555555555556 0.037109375 0.09444444444444444
3 0.893359375 0.7423611111111111 0.212890625 0.31180555555555556
3 0.51171875 0.5375 0.0421875 0.11180555555555556
3 0.091015625 0.1638888888888889 0.064453125 0.04236111111111111
3 0.462109375 0.17152777777777778 0.228515625 0.13680555555555557
3 0.171875 0.5486111111111112 0.126953125 0.13333333333333333