1 0.270703125 0.45625 0.050390625 0.03958333333333333
3 0.022265625 0.8791666666666667 0.044140625 0.12152777777777778
3 0.745703125 0.4638888888888889 0.033203125 0.06111111111111111
3 0.520703125 0.1451388888888889 0.0453125 0.10208333333333333
3 0.879296875 0.36736111111111114 0.0265625 0.11597222222222223
3 0.755078125 0.10486111111111111 0.042578125 0.08055555555555556
3 0.850390625 0.36319444444444443 0.026953125 0.11180555555555556
3 0.933203125 0.41388888888888886 0.03125 0.08333333333333333
3 0.276953125 0.3263888888888889 0.0890625 0.13958333333333334
3 0.559765625 0.4951388888888889 0.023828125 0.04722222222222222
3 0.10390625 0.4076388888888889 0.0203125 0.04722222222222222
3 0.916015625 0.9465277777777777 0.034375 0.052083333333333336
3 0.614453125 0.6201388888888889 0.037109375 0.07847222222222222
3 0.24609375 0.8416666666666667 0.043359375 0.08333333333333333
3 0.44453125 0.16944444444444445 0.024609375 0.05763888888888889
3 0.108203125 0.3368055555555556 0.025 0.044444444444444446
3 0.577734375 0.5881944444444445 0.034375 0.041666666666666664
3 0.264453125 0.5881944444444445 0.029296875 0.050694444444444445
3 0.60390625 0.9527777777777777 0.027734375 0.06666666666666667
3 0.725 0.36041666666666666 0.023046875 0.04791666666666667
3 0.827734375 0.3451388888888889 0.026171875 0.12777777777777777
3 0.830078125 0.3076388888888889 0.020703125 0.052083333333333336
3 0.34375 0.5229166666666667 0.13125 0.22847222222222222
3 0.015234375 0.19791666666666666 0.030078125 0.08263888888888889
3 0.126953125 0.04236111111111111 0.029296875 0.06944444444444445
3 0.71484375 0.13402777777777777 0.027734375 0.05
3 0.166015625 0.022916666666666665 0.02578125 0.04583333333333333
3 0.29296875 0.3451388888888889 0.0515625 0.09791666666666667
3 0.201171875 0.34930555555555554 0.01875 0.049305555555555554
3 0.080859375 0.05694444444444444 0.030078125 0.05277777777777778
3 0.15546875 0.53125 0.1203125 0.15
3 0.9625 0.7715277777777778 0.020703125 0.08402777777777778
3 0.705078125 0.81875 0.030078125 0.03888888888888889
3 0.983984375 0.825 0.030859375 0.11458333333333333
3 0.258203125 0.30486111111111114 0.051171875 0.09444444444444444
3 0.544140625 0.7118055555555556 0.041015625 0.041666666666666664
3 0.499609375 0.6423611111111112 0.025390625 0.06388888888888888
3 0.984375 0.10694444444444444 0.029296875 0.04375
3 0.53203125 0.5076388888888889 0.021484375 0.03819444444444445
3 0.766796875 0.9347222222222222 0.0296875 0.06597222222222222
3 0.597265625 0.02638888888888889 0.070703125 0.049305555555555554
3 0.48203125 0.5076388888888889 0.030859375 0.0798611111111111
3 0.230078125 0.4131944444444444 0.025 0.03819444444444445
3 0.106640625 0.07708333333333334 0.033984375 0.06875
3 0.515234375 0.6048611111111111 0.047265625 0.1076388888888889
3 0.209765625 0.4284722222222222 0.027734375 0.052083333333333336
3 0.673046875 0.2791666666666667 0.028125 0.050694444444444445
3 0.102734375 0.059027777777777776 0.078125 0.1076388888888889
3 0.216796875 0.4236111111111111 0.050390625 0.06597222222222222
3 0.298046875 0.5895833333333333 0.0359375 0.08611111111111111
3 0.027734375 0.18125 0.026953125 0.06875
3 0.036328125 0.16944444444444445 0.072265625 0.13680555555555557
3 0.715625 0.39861111111111114 0.041796875 0.125
3 0.63671875 0.027083333333333334 0.05625 0.05416666666666667
3 0.528515625 0.12430555555555556 0.0296875 0.059027777777777776
3 0.678515625 0.11875 0.024609375 0.035416666666666666
3 0.662890625 0.29097222222222224 0.0484375 0.0798611111111111
3 0.633203125 0.8423611111111111 0.035546875 0.06180555555555556
3 0.853515625 0.33611111111111114 0.020703125 0.05763888888888889
3 0.534765625 0.21875 0.0203125 0.05486111111111111
3 0.830859375 0.9819444444444444 0.029296875 0.034027777777777775
3 0.705078125 0.42986111111111114 0.0203125 0.06319444444444444
3 0.992578125 0.6951388888888889 0.0140625 0.06944444444444445
0 0.151171875 0.025694444444444443 0.009375 0.014583333333333334
0 0.090234375 0.010416666666666666 0.014453125 0.017361111111111112
0 0.01171875 0.15347222222222223 0.018359375 0.019444444444444445
0 0.055078125 0.04375 0.014453125 0.02013888888888889
0 0.045703125 0.024305555555555556 0.012890625 0.016666666666666666
0 0.038671875 0.08819444444444445 0.016015625 0.02013888888888889
0 0.037890625 0.11597222222222223 0.013671875 0.016666666666666666
0 0.07109375 0.020833333333333332 0.012109375 0.013888888888888888