2 0.0984375 0.8208333333333333 0.0765625 0.19444444444444445
2 0.96875 0.7555555555555555 0.0609375 0.3972222222222222
2 0.869140625 0.7076388888888889 0.04140625 0.20694444444444443
2 0.7265625 0.6604166666666667 0.0140625 0.07916666666666666
2 0.015625 0.7777777777777778 0.03125 0.31666666666666665
2 0.791796875 0.6451388888888889 0.01640625 0.07083333333333333
2 0.75234375 0.6513888888888889 0.0140625 0.08055555555555556
2 0.03203125 0.7784722222222222 0.0640625 0.31527777777777777
2 0.779296875 0.64375 0.01015625 0.06805555555555555
2 0.758203125 0.6486111111111111 0.01171875 0.06944444444444445
3 0.901953125 0.5131944444444444 0.12890625 0.22916666666666666
3 0.9125 0.15208333333333332 0.1734375 0.30416666666666664
3 0.45078125 0.08333333333333333 0.1 0.16666666666666666