2 0.68125 0.33402777777777776 0.0484375 0.18472222222222223
2 0.805859375 0.28680555555555554 0.02421875 0.13472222222222222
2 0.7828125 0.35 0.078125 0.30277777777777776
2 0.733203125 0.3375 0.04453125 0.21388888888888888
2 0.25 0.45902777777777776 0.025 0.09583333333333334
2 0.14921875 0.6701388888888888 0.0625 0.07361111111111111
3 0.20234375 0.4263888888888889 0.0953125 0.5055555555555555
3 0.401171875 0.36875 0.03359375 0.09027777777777778
3 0.28359375 0.4041666666666667 0.0375 0.1361111111111111
3 0.164453125 0.4201388888888889 0.03359375 0.1486111111111111
3 0.159765625 0.3875 0.02421875 0.08333333333333333