2 0.59609375 0.9284722222222223 0.016015625 0.06180555555555556
2 0.595703125 0.8569444444444444 0.009765625 0.049305555555555554
2 0.818359375 0.8395833333333333 0.012109375 0.050694444444444445
2 0.61015625 0.8583333333333333 0.0109375 0.04652777777777778
2 0.57578125 0.9159722222222222 0.012890625 0.05486111111111111
2 0.208984375 0.8590277777777777 0.009765625 0.05
2 0.565234375 0.9131944444444444 0.0109375 0.05
2 0.666015625 0.8784722222222222 0.008203125 0.03819444444444445
2 0.6734375 0.8784722222222222 0.008203125 0.04375
2 0.337890625 0.85625 0.007421875 0.03958333333333333
1 0.350390625 0.93125 0.21875 0.1361111111111111
3 0.131640625 0.6597222222222222 0.105078125 0.38958333333333334
3 0.229296875 0.6284722222222222 0.119140625 0.44375
3 0.961328125 0.6541666666666667 0.0765625 0.5527777777777778
3 0.760546875 0.68125 0.0921875 0.41458333333333336
3 0.667578125 0.84375 0.062109375 0.1076388888888889
3 0.81328125 0.7326388888888888 0.084765625 0.33958333333333335
3 0.51875 0.8423611111111111 0.059375 0.08611111111111111
3 0.27265625 0.825 0.0328125 0.07430555555555556
3 0.494921875 0.5243055555555556 0.159765625 0.19791666666666666
3 0.51015625 0.9381944444444444 0.118359375 0.12013888888888889
3 0.038671875 0.8611111111111112 0.065234375 0.2722222222222222
3 0.48671875 0.6611111111111111 0.053515625 0.07777777777777778
3 0.9078125 0.9131944444444444 0.125 0.16944444444444445
3 0.54296875 0.6784722222222223 0.0421875 0.05277777777777778
3 0.3578125 0.85 0.051171875 0.08125
3 0.730078125 0.9340277777777778 0.1828125 0.1284722222222222
3 0.207421875 0.9305555555555556 0.043359375 0.08333333333333333
3 0.641015625 0.6076388888888888 0.0234375 0.05555555555555555
3 0.362890625 0.5972222222222222 0.035546875 0.052083333333333336
3 0.28984375 0.5020833333333333 0.084765625 0.19236111111111112
3 0.384765625 0.5520833333333334 0.0703125 0.12013888888888889
3 0.175 0.8611111111111112 0.059375 0.08888888888888889
3 0.451953125 0.5520833333333334 0.081640625 0.14375
3 0.241796875 0.8743055555555556 0.048828125 0.08611111111111111
3 0.979296875 0.8736111111111111 0.040625 0.1284722222222222
3 0.6859375 0.9555555555555556 0.094921875 0.08541666666666667
3 0.382421875 0.9208333333333333 0.081640625 0.11388888888888889
0 0.553515625 0.6138888888888889 0.009375 0.016666666666666666