2 0.487890625 0.9131944444444444 0.008203125 0.02847222222222222
1 0.230859375 0.4409722222222222 0.128515625 0.06597222222222222
3 0.250390625 0.8458333333333333 0.071875 0.19930555555555557
3 0.03828125 0.8819444444444444 0.0765625 0.18819444444444444
3 0.712109375 0.8715277777777778 0.077734375 0.15625
3 0.188671875 0.8770833333333333 0.066796875 0.2
3 0.3609375 0.0875 0.036328125 0.08958333333333333
3 0.832421875 0.8902777777777777 0.075390625 0.21388888888888888
3 0.59609375 0.9215277777777777 0.075390625 0.15347222222222223
3 0.741015625 0.1527777777777778 0.0203125 0.08541666666666667
3 0.715234375 0.15625 0.0203125 0.07777777777777778
3 0.981640625 0.22291666666666668 0.034765625 0.10277777777777777
3 0.696875 0.13958333333333334 0.01875 0.07847222222222222
3 0.037109375 0.4465277777777778 0.026953125 0.05277777777777778
3 0.694140625 0.24513888888888888 0.027734375 0.04722222222222222
3 0.412109375 0.71875 0.038671875 0.10069444444444445
3 0.21796875 0.2951388888888889 0.0859375 0.13958333333333334
3 0.306640625 0.5173611111111112 0.025 0.050694444444444445
3 0.5359375 0.9652777777777778 0.0375 0.06597222222222222
3 0.890234375 0.8951388888888889 0.073046875 0.20277777777777778
3 0.549609375 0.0125 0.039453125 0.025
3 0.20546875 0.5173611111111112 0.090234375 0.14097222222222222
3 0.78984375 0.17152777777777778 0.021484375 0.04791666666666667
3 0.858203125 0.03680555555555556 0.05546875 0.07361111111111111
3 0.430859375 0.07430555555555556 0.021875 0.07291666666666667
3 0.450390625 0.7354166666666667 0.03125 0.07152777777777777
3 0.531640625 0.3451388888888889 0.0203125 0.04236111111111111
3 0.942578125 0.5256944444444445 0.0328125 0.05763888888888889
3 0.4140625 0.3645833333333333 0.105078125 0.14722222222222223
3 0.973046875 0.54375 0.023046875 0.04652777777777778
3 0.75625 0.6243055555555556 0.03125 0.08888888888888889
3 0.10078125 0.9548611111111112 0.062109375 0.08611111111111111
3 0.315625 0.12569444444444444 0.020703125 0.034027777777777775
3 0.290625 0.9756944444444444 0.020703125 0.04097222222222222
3 0.197265625 0.2881944444444444 0.043359375 0.12430555555555556
3 0.172265625 0.41597222222222224 0.03125 0.06111111111111111
3 0.377734375 0.41597222222222224 0.178515625 0.25277777777777777
3 0.578515625 0.4083333333333333 0.032421875 0.03680555555555556
3 0.5515625 0.4326388888888889 0.023828125 0.04791666666666667
3 0.326953125 0.3993055555555556 0.0765625 0.10902777777777778
3 0.39453125 0.12222222222222222 0.012890625 0.03333333333333333
3 0.138671875 0.49722222222222223 0.064453125 0.11319444444444444
3 0.844140625 0.1763888888888889 0.025390625 0.03819444444444445
3 0.767578125 0.5159722222222223 0.0203125 0.04652777777777778
3 0.284765625 0.1284722222222222 0.019140625 0.03125
3 0.634765625 0.4076388888888889 0.027734375 0.07152777777777777
3 0.644921875 0.9881944444444445 0.028125 0.022222222222222223
3 0.38125 0.4826388888888889 0.080078125 0.12013888888888889
3 0.519921875 0.36944444444444446 0.016015625 0.05763888888888889
3 0.955078125 0.8979166666666667 0.087890625 0.20069444444444445
3 0.441796875 0.9659722222222222 0.0359375 0.05625
3 0.364453125 0.48541666666666666 0.048046875 0.10069444444444445
3 0.436328125 0.09097222222222222 0.033203125 0.10555555555555556
3 0.009765625 0.3854166666666667 0.01953125 0.04583333333333333
0 0.9234375 0.24861111111111112 0.017578125 0.021527777777777778
0 0.866015625 0.07916666666666666 0.019140625 0.019444444444444445
0 0.9140625 0.050694444444444445 0.01875 0.019444444444444445
0 0.994140625 0.47638888888888886 0.011328125 0.01875
0 0.993359375 0.4576388888888889 0.01328125 0.022916666666666665
0 0.990234375 0.44027777777777777 0.019140625 0.019444444444444445
0 0.988671875 0.42916666666666664 0.02265625 0.024305555555555556
0 0.9765625 0.40694444444444444 0.02421875 0.022916666666666665
0 0.968359375 0.3888888888888889 0.023046875 0.01875
0 0.991015625 0.34305555555555556 0.01796875 0.027777777777777776
0 0.98359375 0.32013888888888886 0.019140625 0.021527777777777778
0 0.9703125 0.2965277777777778 0.0171875 0.027777777777777776
0 0.953515625 0.3013888888888889 0.02109375 0.027777777777777776
0 0.964453125 0.3770833333333333 0.026171875 0.016666666666666666
0 0.9546875 0.3625 0.02421875 0.016666666666666666
0 0.94609375 0.34305555555555556 0.025 0.020833333333333332
0 0.93984375 0.33055555555555555 0.023046875 0.013888888888888888
0 0.932421875 0.3159722222222222 0.02578125 0.020833333333333332
0 0.921484375 0.2951388888888889 0.02109375 0.024305555555555556
0 0.958203125 0.26944444444444443 0.015234375 0.02847222222222222
0 0.9484375 0.2513888888888889 0.0171875 0.027777777777777776
0 0.859765625 0.18125 0.009765625 0.017361111111111112
0 0.850390625 0.15833333333333333 0.01328125 0.019444444444444445
0 0.840234375 0.1451388888888889 0.011328125 0.013888888888888888
0 0.83359375 0.13125 0.010546875 0.016666666666666666
0 0.866796875 0.11180555555555556 0.0125 0.02013888888888889
0 0.82734375 0.11666666666666667 0.011328125 0.018055555555555554