3 0.499609375 0.2152777777777778 0.99453125 0.4305555555555556
3 0.3046875 0.20277777777777778 0.1203125 0.3888888888888889
2 0.658984375 0.32569444444444445 0.02890625 0.04027777777777778
2 0.45234375 0.37777777777777777 0.04375 0.175
3 0.909375 0.19236111111111112 0.1796875 0.38472222222222224
3 0.190625 0.20416666666666666 0.2625 0.4083333333333333
3 0.56796875 0.2152777777777778 0.1078125 0.4305555555555556
3 0.737109375 0.1986111111111111 0.16796875 0.3972222222222222
3 0.777734375 0.6125 0.16640625 0.4583333333333333
3 0.6484375 0.18055555555555555 0.1453125 0.3611111111111111
3 0.48203125 0.19791666666666666 0.1265625 0.25972222222222224
3 0.9125 0.7 0.1734375 0.5944444444444444
3 0.38125 0.19583333333333333 0.134375 0.39166666666666666
3 0.58984375 0.34097222222222223 0.0578125 0.1597222222222222
3 0.653515625 0.4895833333333333 0.10546875 0.25972222222222224
3 0.090234375 0.18541666666666667 0.18046875 0.37083333333333335