2 0.819140625 0.6298611111111111 0.007421875 0.024305555555555556
3 0.20625 0.4375 0.040625 0.08055555555555556
3 0.875 0.45902777777777776 0.051171875 0.0798611111111111
3 0.880859375 0.31527777777777777 0.037890625 0.08958333333333333
3 0.047265625 0.12291666666666666 0.025 0.06180555555555556
3 0.470703125 0.28541666666666665 0.025390625 0.09791666666666667
3 0.192578125 0.34930555555555554 0.053125 0.09652777777777778
3 0.92578125 0.48819444444444443 0.058984375 0.11319444444444444
3 0.850390625 0.4263888888888889 0.060546875 0.10833333333333334
3 0.968359375 0.5368055555555555 0.019140625 0.04236111111111111
3 0.598046875 0.20208333333333334 0.019140625 0.034027777777777775
3 0.441015625 0.5895833333333333 0.035546875 0.20625
3 0.06875 0.5465277777777777 0.063671875 0.08125
3 0.380078125 0.27847222222222223 0.028125 0.075
3 0.43984375 0.5201388888888889 0.0328125 0.06736111111111111
3 0.569921875 0.04097222222222222 0.0140625 0.050694444444444445
3 0.120703125 0.5333333333333333 0.037890625 0.10347222222222222
3 0.964453125 0.07708333333333334 0.021484375 0.03958333333333333
3 0.564453125 0.9229166666666667 0.069921875 0.15069444444444444
3 0.164453125 0.4423611111111111 0.053125 0.08333333333333333
3 0.22578125 0.2861111111111111 0.027734375 0.03888888888888889
3 0.856640625 0.2569444444444444 0.038671875 0.07291666666666667
3 0.112890625 0.5145833333333333 0.022265625 0.06736111111111111
3 0.616796875 0.05347222222222222 0.0203125 0.07152777777777777
3 0.901171875 0.2972222222222222 0.026171875 0.059027777777777776
3 0.342578125 0.25625 0.05 0.07430555555555556
3 0.3828125 0.42291666666666666 0.105078125 0.12569444444444444
3 0.347265625 0.41875 0.033984375 0.09791666666666667
3 0.650390625 0.9826388888888888 0.023828125 0.030555555555555555
3 0.976953125 0.16041666666666668 0.027734375 0.058333333333333334
3 0.482421875 0.5090277777777777 0.046484375 0.08888888888888889
3 0.277734375 0.4326388888888889 0.081640625 0.12013888888888889
3 0.078515625 0.09930555555555555 0.022265625 0.049305555555555554
3 0.54375 0.8201388888888889 0.023828125 0.050694444444444445
3 0.373828125 0.2076388888888889 0.021875 0.05555555555555555
3 0.644921875 0.08819444444444445 0.039453125 0.0798611111111111
3 0.482421875 0.5694444444444444 0.046875 0.20902777777777778
3 0.985546875 0.4909722222222222 0.027734375 0.07222222222222222
3 0.0296875 0.13958333333333334 0.020703125 0.04236111111111111
3 0.875390625 0.29097222222222224 0.078515625 0.14097222222222222
3 0.262890625 0.4409722222222222 0.048828125 0.09791666666666667
3 0.44609375 0.32430555555555557 0.034765625 0.07291666666666667
0 0.988671875 0.3854166666666667 0.01875 0.022916666666666665
0 0.787109375 0.14375 0.012109375 0.011805555555555555
0 0.81171875 0.19236111111111112 0.012890625 0.013194444444444444
0 0.75 0.11597222222222223 0.013671875 0.011805555555555555
0 0.754296875 0.13402777777777777 0.0125 0.011805555555555555
0 0.97890625 0.19305555555555556 0.012109375 0.01597222222222222
0 0.895703125 0.19166666666666668 0.017578125 0.016666666666666666
0 0.755078125 0.1597222222222222 0.016796875 0.019444444444444445
0 0.802734375 0.16111111111111112 0.009375 0.011111111111111112
0 0.819140625 0.18263888888888888 0.012890625 0.013194444444444444