2 0.088671875 0.7 0.15546875 0.5972222222222222
2 0.2296875 0.7319444444444444 0.1875 0.5333333333333333
2 0.4390625 0.6270833333333333 0.04375 0.22083333333333333
2 0.707421875 0.65 0.04765625 0.25555555555555554
2 0.659375 0.6604166666666667 0.05 0.24861111111111112
2 0.5765625 0.5902777777777778 0.021875 0.11388888888888889
2 0.560546875 0.5868055555555556 0.01796875 0.10416666666666667
2 0.6046875 0.5951388888888889 0.0140625 0.09305555555555556
3 0.015234375 0.4097222222222222 0.03046875 0.1388888888888889
3 0.671875 0.5291666666666667 0.03125 0.06388888888888888
3 0.72578125 0.5305555555555556 0.0328125 0.075