3 0.130078125 0.13958333333333334 0.034375 0.10486111111111111
3 0.96484375 0.1840277777777778 0.0453125 0.06666666666666667
3 0.394921875 0.2673611111111111 0.058984375 0.14097222222222222
3 0.684375 0.18333333333333332 0.038671875 0.09236111111111112
3 0.781640625 0.5618055555555556 0.035546875 0.07291666666666667
3 0.152734375 0.2951388888888889 0.043359375 0.11458333333333333
3 0.967578125 0.5055555555555555 0.031640625 0.12430555555555556
3 0.397265625 0.4486111111111111 0.065625 0.18055555555555555
3 0.017578125 0.6444444444444445 0.03515625 0.14444444444444443
3 0.493359375 0.44166666666666665 0.046875 0.15347222222222223
3 0.943359375 0.45625 0.030078125 0.1111111111111111
3 0.850390625 0.07430555555555556 0.028125 0.0798611111111111
3 0.607421875 0.5229166666666667 0.026171875 0.05763888888888889
3 0.826171875 0.45625 0.042578125 0.06111111111111111
3 0.84296875 0.02013888888888889 0.0359375 0.04027777777777778
3 0.595703125 0.6319444444444444 0.0375 0.07847222222222222
3 0.176171875 0.11041666666666666 0.051953125 0.08055555555555556
3 0.09921875 0.9701388888888889 0.0671875 0.05763888888888889
3 0.704296875 0.15625 0.028125 0.07430555555555556
3 0.390234375 0.9777777777777777 0.023046875 0.04097222222222222
3 0.62265625 0.1763888888888889 0.034765625 0.05486111111111111
3 0.0546875 0.08333333333333333 0.030078125 0.07430555555555556
3 0.93203125 0.9652777777777778 0.050390625 0.06597222222222222
3 0.509375 0.7270833333333333 0.030078125 0.06736111111111111
3 0.776953125 0.36875 0.058984375 0.10833333333333334
3 0.319140625 0.5006944444444444 0.0375 0.09930555555555555
3 0.96953125 0.47708333333333336 0.027734375 0.06736111111111111
3 0.248046875 0.2923611111111111 0.015625 0.044444444444444446
3 0.32421875 0.3388888888888889 0.0296875 0.05
3 0.450390625 0.6576388888888889 0.016015625 0.03263888888888889
3 0.01328125 0.875 0.0265625 0.07777777777777778
3 0.231640625 0.40555555555555556 0.111328125 0.16111111111111112
3 0.030859375 0.21041666666666667 0.015234375 0.03819444444444445
3 0.29453125 0.05138888888888889 0.025390625 0.06944444444444445
3 0.056640625 0.9159722222222222 0.045703125 0.08611111111111111
3 0.0140625 0.18958333333333333 0.010546875 0.034027777777777775
3 0.44765625 0.69375 0.024609375 0.04652777777777778
3 0.546875 0.8743055555555556 0.032421875 0.06388888888888888
3 0.6171875 0.8840277777777777 0.020703125 0.04236111111111111
3 0.571875 0.5229166666666667 0.025 0.03958333333333333
3 0.349609375 0.016666666666666666 0.015625 0.03333333333333333
3 0.3609375 0.9888888888888889 0.030078125 0.02013888888888889
3 0.039453125 0.1701388888888889 0.022265625 0.044444444444444446
3 0.78203125 0.029861111111111113 0.025 0.059722222222222225
3 0.211328125 0.6826388888888889 0.035546875 0.049305555555555554
3 0.228515625 0.07569444444444444 0.041015625 0.08333333333333333
3 0.834375 0.4527777777777778 0.026171875 0.04791666666666667
3 0.563671875 0.9215277777777777 0.048046875 0.06597222222222222
3 0.220703125 0.06875 0.0234375 0.06944444444444445
3 0.48984375 0.7604166666666666 0.025390625 0.04513888888888889
3 0.921875 0.6319444444444444 0.016796875 0.050694444444444445
3 0.989453125 0.5201388888888889 0.0203125 0.12569444444444444
3 0.26640625 0.06527777777777778 0.0265625 0.075
3 0.559765625 0.19305555555555556 0.0296875 0.03958333333333333
3 0.526171875 0.6034722222222222 0.0359375 0.06180555555555556
3 0.271484375 0.23402777777777778 0.021875 0.035416666666666666
3 0.880859375 0.06666666666666667 0.0375 0.07222222222222222
3 0.209375 0.3736111111111111 0.066796875 0.09930555555555555
3 0.870703125 0.1909722222222222 0.034375 0.06180555555555556
3 0.0625 0.025694444444444443 0.025 0.050694444444444445
3 0.47890625 0.9381944444444444 0.015234375 0.022222222222222223
3 0.346484375 0.3298611111111111 0.0234375 0.041666666666666664
3 0.600390625 0.20625 0.0375 0.06597222222222222
3 0.916796875 0.1527777777777778 0.033203125 0.09652777777777778
3 0.7703125 0.03125 0.046875 0.0625
3 0.251171875 0.42430555555555555 0.072265625 0.12291666666666666
3 0.025390625 0.10486111111111111 0.0328125 0.058333333333333334
3 0.99140625 0.4909722222222222 0.016015625 0.06666666666666667
0 0.264453125 0.015277777777777777 0.0140625 0.01597222222222222
0 0.114453125 0.11597222222222223 0.017578125 0.021527777777777778
0 0.14296875 0.07430555555555556 0.012109375 0.013194444444444444
0 0.1359375 0.08888888888888889 0.011328125 0.016666666666666666
0 0.201953125 0.05763888888888889 0.018359375 0.01875
0 0.165625 0.06388888888888888 0.011328125 0.014583333333333334
0 0.199609375 0.0798611111111111 0.018359375 0.019444444444444445
1 0.36640625 0.37777777777777777 0.041015625 0.05694444444444444
0 0.075390625 0.1423611111111111 0.035546875 0.029166666666666667
0 0.083203125 0.11875 0.02578125 0.022916666666666665
0 0.02265625 0.17222222222222222 0.019140625 0.01875