2 0.51796875 0.47152777777777777 0.009375 0.05138888888888889
2 0.508203125 0.5743055555555555 0.01015625 0.04861111111111111
2 0.538671875 0.46319444444444446 0.00859375 0.029166666666666667
1 0.730078125 0.7541666666666667 0.05078125 0.23055555555555557
1 0.55390625 0.7826388888888889 0.8859375 0.4236111111111111
1 0.98125 0.6902777777777778 0.0296875 0.24166666666666667
1 0.84921875 0.73125 0.29296875 0.31666666666666665
3 0.469140625 0.4340277777777778 0.8046875 0.8680555555555556
3 0.725 0.43819444444444444 0.1625 0.2569444444444444
3 0.255859375 0.3645833333333333 0.37734375 0.7263888888888889
3 0.620703125 0.9090277777777778 0.18671875 0.1763888888888889