1 0.590234375 0.3597222222222222 0.191796875 0.33402777777777776
1 0.5 0.8208333333333333 0.998046875 0.33819444444444446
3 0.412109375 0.22708333333333333 0.056640625 0.15
3 0.61171875 0.3368055555555556 0.0765625 0.33819444444444446
3 0.502734375 0.26805555555555555 0.0671875 0.25069444444444444
3 0.12578125 0.13680555555555557 0.1296875 0.27361111111111114
3 0.305859375 0.25069444444444444 0.076953125 0.2701388888888889
3 0.22421875 0.22430555555555556 0.116015625 0.36180555555555555
3 0.55078125 0.3590277777777778 0.0796875 0.2590277777777778
3 0.71640625 0.2826388888888889 0.190234375 0.31875
3 0.346484375 0.2388888888888889 0.055859375 0.15
3 0.060546875 0.17430555555555555 0.11875 0.34791666666666665
3 0.885546875 0.33125 0.227734375 0.49236111111111114
3 0.141796875 0.1951388888888889 0.282421875 0.38958333333333334
3 0.18984375 0.29097222222222224 0.046484375 0.25069444444444444
3 0.81171875 0.3729166666666667 0.374609375 0.6388888888888888
3 0.607421875 0.22569444444444445 0.065625 0.11666666666666667