2 0.4 0.6131944444444445 0.08125 0.5486111111111112
2 0.515234375 0.6638888888888889 0.09453125 0.6027777777777777
2 0.287109375 0.5611111111111111 0.02734375 0.16111111111111112
2 0.663671875 0.5868055555555556 0.06484375 0.3486111111111111
2 0.037890625 0.4840277777777778 0.02734375 0.1375
2 0.762890625 0.6013888888888889 0.08515625 0.36666666666666664
2 0.596875 0.5666666666666667 0.059375 0.325
2 0.707421875 0.5944444444444444 0.05234375 0.325
2 0.801171875 0.6041666666666666 0.05078125 0.33611111111111114
2 0.85703125 0.5770833333333333 0.0484375 0.2125
1 0.207421875 0.5020833333333333 0.01953125 0.11805555555555555
3 0.0515625 0.25972222222222224 0.103125 0.225
3 0.434375 0.4840277777777778 0.0390625 0.09305555555555556
3 0.512109375 0.27569444444444446 0.05078125 0.059722222222222225
3 0.403125 0.48680555555555555 0.1015625 0.10694444444444444
3 0.0921875 0.9097222222222222 0.184375 0.175
3 0.360546875 0.49027777777777776 0.01640625 0.09166666666666666
3 0.911328125 0.5361111111111111 0.05546875 0.13333333333333333
3 0.467578125 0.275 0.14140625 0.06388888888888888
3 0.4125 0.27291666666666664 0.0296875 0.059722222222222225
3 0.917578125 0.5645833333333333 0.08828125 0.2013888888888889