3 0.86953125 0.44930555555555557 0.2578125 0.8986111111111111
3 0.121875 0.4534722222222222 0.24375 0.8180555555555555
2 0.51953125 0.9020833333333333 0.05 0.19305555555555556
2 0.241796875 0.8381944444444445 0.03359375 0.13472222222222222
2 0.978125 0.9201388888888888 0.0421875 0.15694444444444444
2 0.21640625 0.8368055555555556 0.025 0.11805555555555555
2 0.76640625 0.9138888888888889 0.071875 0.16944444444444445
2 0.283203125 0.8402777777777778 0.02421875 0.11666666666666667
2 0.29765625 0.8583333333333333 0.0296875 0.16111111111111112
2 0.312890625 0.8423611111111111 0.01328125 0.10972222222222222
2 0.36015625 0.8486111111111111 0.021875 0.11944444444444445
2 0.796875 0.8951388888888889 0.046875 0.20694444444444443
2 0.35 0.8284722222222223 0.021875 0.09861111111111111
3 0.569921875 0.7444444444444445 0.06484375 0.058333333333333334