2 0.434765625 0.20555555555555555 0.009375 0.024305555555555556
3 0.6828125 0.09652777777777778 0.3078125 0.19305555555555556
3 0.109375 0.11875 0.1375 0.23541666666666666
3 0.919140625 0.041666666666666664 0.160546875 0.08333333333333333
3 0.26484375 0.03263888888888889 0.0859375 0.06527777777777778
3 0.451953125 0.11180555555555556 0.052734375 0.22152777777777777
3 0.029296875 0.06527777777777778 0.05859375 0.13055555555555556
3 0.01640625 0.19444444444444445 0.0328125 0.07222222222222222
3 0.414453125 0.1111111111111111 0.128125 0.2222222222222222
3 0.43828125 0.10902777777777778 0.0171875 0.21805555555555556
3 0.976171875 0.03888888888888889 0.046875 0.07777777777777778
3 0.241015625 0.09166666666666666 0.141796875 0.18333333333333332