2 0.383203125 0.7104166666666667 0.05078125 0.23194444444444445
2 0.33359375 0.7083333333333334 0.034375 0.23055555555555557
2 0.12265625 0.6409722222222223 0.0296875 0.09861111111111111
2 0.1484375 0.6625 0.0484375 0.15
2 0.29296875 0.6111111111111112 0.0078125 0.041666666666666664
2 0.24609375 0.6270833333333333 0.0171875 0.08472222222222223
2 0.22734375 0.6243055555555556 0.0171875 0.09027777777777778
2 0.28046875 0.6118055555555556 0.009375 0.04027777777777778
2 0.1953125 0.6222222222222222 0.015625 0.06944444444444445
2 0.1859375 0.6194444444444445 0.0125 0.075
2 0.41015625 0.6118055555555556 0.00625 0.029166666666666667
2 0.44765625 0.6145833333333334 0.00625 0.0375
3 0.341015625 0.4576388888888889 0.16328125 0.2875
3 0.4671875 0.5798611111111112 0.0734375 0.1625
3 0.44140625 0.35833333333333334 0.134375 0.3472222222222222