3 0.383203125 0.6326388888888889 0.05859375 0.11805555555555555
2 0.570703125 0.76875 0.05859375 0.24027777777777778
2 0.16484375 0.6902777777777778 0.021875 0.11944444444444445
2 0.36953125 0.7 0.0265625 0.15
2 0.23125 0.6986111111111111 0.0265625 0.12777777777777777
2 0.25078125 0.6972222222222222 0.021875 0.12222222222222222
2 0.303125 0.6763888888888889 0.01875 0.08611111111111111
2 0.334375 0.6763888888888889 0.0171875 0.08611111111111111
2 0.315625 0.6756944444444445 0.0203125 0.09027777777777778
3 0.091015625 0.29305555555555557 0.18203125 0.5861111111111111
3 0.7828125 0.35694444444444445 0.1375 0.7138888888888889
3 0.702734375 0.6583333333333333 0.07890625 0.1
3 0.519140625 0.5909722222222222 0.06171875 0.05416666666666667
3 0.782421875 0.6486111111111111 0.06015625 0.11944444444444445
3 0.435546875 0.6125 0.06328125 0.13333333333333333
3 0.436328125 0.5791666666666667 0.06171875 0.06666666666666667
0 0.87890625 0.6625 0.0703125 0.1111111111111111