2 0.128515625 0.5298611111111111 0.11328125 0.27361111111111114
2 0.31640625 0.4861111111111111 0.065625 0.3
2 0.221484375 0.53125 0.06484375 0.24861111111111112
2 0.4890625 0.6027777777777777 0.109375 0.35
2 0.92109375 0.4486111111111111 0.065625 0.16111111111111112
2 0.3875 0.5583333333333333 0.1015625 0.5583333333333333
2 0.2765625 0.5263888888888889 0.071875 0.24444444444444444
3 0.098828125 0.8763888888888889 0.19609375 0.24166666666666667
3 0.729296875 0.3472222222222222 0.53671875 0.6944444444444444
3 0.4859375 0.38680555555555557 0.0859375 0.13472222222222222
3 0.1625 0.33541666666666664 0.325 0.6590277777777778
3 0.24921875 0.4083333333333333 0.0484375 0.08888888888888889