2 0.21015625 0.9347222222222222 0.0078125 0.030555555555555555
1 0.433203125 0.9298611111111111 0.21171875 0.14027777777777778
3 0.491796875 0.6333333333333333 0.06171875 0.2388888888888889
3 0.733984375 0.5444444444444444 0.08203125 0.12777777777777777
3 0.1875 0.5659722222222222 0.065625 0.20694444444444443
3 0.366796875 0.5923611111111111 0.04921875 0.15694444444444444
3 0.158203125 0.6041666666666666 0.05546875 0.1638888888888889
3 0.2375 0.5673611111111111 0.0546875 0.18194444444444444
3 0.786328125 0.8631944444444445 0.06953125 0.26805555555555555
3 0.023046875 0.6965277777777777 0.04609375 0.2513888888888889
3 0.295703125 0.8930555555555556 0.03984375 0.14166666666666666
3 0.448828125 0.6284722222222222 0.04609375 0.1986111111111111
3 0.784765625 0.7715277777777778 0.06328125 0.08472222222222223
3 0.337109375 0.5701388888888889 0.04609375 0.1736111111111111
3 0.090234375 0.9645833333333333 0.06171875 0.06805555555555555
3 0.581640625 0.5236111111111111 0.04921875 0.08055555555555556
3 0.287890625 0.5409722222222222 0.05078125 0.16805555555555557
3 0.068359375 0.5979166666666667 0.11953125 0.31527777777777777
3 0.190234375 0.9520833333333333 0.02890625 0.07916666666666666
3 0.5734375 0.49722222222222223 0.0671875 0.13333333333333333
3 0.491796875 0.44583333333333336 0.06171875 0.05555555555555555
3 0.330859375 0.36041666666666666 0.02578125 0.05138888888888889
3 0.314453125 0.5569444444444445 0.04140625 0.17222222222222222
3 0.9671875 0.8444444444444444 0.0640625 0.3055555555555556
3 0.30625 0.7715277777777778 0.03125 0.12083333333333333
3 0.296484375 0.64375 0.04140625 0.05138888888888889
3 0.11171875 0.61875 0.0421875 0.1763888888888889
3 0.298046875 0.8368055555555556 0.04609375 0.2513888888888889
3 0.079296875 0.6423611111111112 0.06640625 0.22083333333333333
0 0.13515625 0.5215277777777778 0.0203125 0.020833333333333332
0 0.946484375 0.9597222222222223 0.06640625 0.06944444444444445
0 0.12890625 0.6020833333333333 0.0359375 0.034722222222222224