1 0.23515625 0.6263888888888889 0.46875 0.3611111111111111
1 0.116796875 0.6631944444444444 0.23359375 0.28194444444444444
3 0.1046875 0.39861111111111114 0.2078125 0.5
2 0.6125 0.4909722222222222 0.028125 0.16527777777777777
2 0.521484375 0.475 0.01171875 0.07222222222222222
2 0.568359375 0.5034722222222222 0.04140625 0.2152777777777778
2 0.77265625 0.4388888888888889 0.0171875 0.07777777777777778
2 0.825390625 0.42569444444444443 0.01328125 0.04861111111111111
2 0.923828125 0.42083333333333334 0.01328125 0.06111111111111111
2 0.7953125 0.43194444444444446 0.0234375 0.08611111111111111
2 0.91328125 0.42430555555555555 0.0125 0.05694444444444444
2 0.32578125 0.5340277777777778 0.0109375 0.043055555555555555
1 0.38515625 0.5013888888888889 0.16875 0.14166666666666666
1 0.2109375 0.5763888888888888 0.0171875 0.11388888888888889
3 0.56640625 0.23472222222222222 0.0703125 0.16666666666666666
3 0.80546875 0.24444444444444444 0.078125 0.1
3 0.5 0.3159722222222222 0.053125 0.13472222222222222
3 0.65234375 0.48819444444444443 0.0703125 0.20416666666666666
3 0.415234375 0.38125 0.04296875 0.23194444444444445
3 0.378125 0.34791666666666665 0.0515625 0.2263888888888889
3 0.709375 0.32222222222222224 0.0390625 0.04722222222222222
3 0.987890625 0.22916666666666666 0.02265625 0.07777777777777778
3 0.75234375 0.4048611111111111 0.0625 0.09861111111111111
3 0.208203125 0.37777777777777777 0.03671875 0.1388888888888889
3 0.45703125 0.3145833333333333 0.046875 0.12916666666666668
3 0.67421875 0.3659722222222222 0.0375 0.1375
3 0.9375 0.6784722222222223 0.1125 0.5291666666666667
3 0.44609375 0.36319444444444443 0.05 0.0875
3 0.483984375 0.4041666666666667 0.03046875 0.11388888888888889
3 0.32265625 0.3576388888888889 0.059375 0.3402777777777778
3 0.2109375 0.3284722222222222 0.0453125 0.24027777777777778
3 0.18046875 0.35347222222222224 0.0515625 0.1875
3 0.32265625 0.26180555555555557 0.0578125 0.1486111111111111
3 0.6 0.3798611111111111 0.046875 0.09861111111111111
3 0.333203125 0.3541666666666667 0.04609375 0.15
3 0.483984375 0.36875 0.03046875 0.043055555555555555
3 0.673828125 0.3236111111111111 0.03671875 0.05277777777777778
3 0.429296875 0.3888888888888889 0.02265625 0.07222222222222222
3 0.859375 0.30277777777777776 0.0390625 0.09722222222222222
3 0.709375 0.37083333333333335 0.0390625 0.14444444444444443
3 0.363671875 0.36527777777777776 0.03984375 0.16666666666666666
3 0.861328125 0.2701388888888889 0.03515625 0.029166666666666667