2 0.629296875 0.4048611111111111 0.04296875 0.17916666666666667
2 0.5046875 0.3819444444444444 0.0625 0.30833333333333335
2 0.544921875 0.38055555555555554 0.03515625 0.19166666666666668
2 0.583203125 0.4013888888888889 0.04140625 0.18055555555555555
2 0.4546875 0.3625 0.034375 0.14722222222222223
2 0.41875 0.35833333333333334 0.028125 0.14444444444444443
1 0.05 0.3111111111111111 0.1 0.2361111111111111
1 0.36875 0.36319444444444443 0.05 0.034722222222222224
1 0.369921875 0.3486111111111111 0.05234375 0.08055555555555556
1 0.8296875 0.46597222222222223 0.3375 0.15694444444444444
3 0.866015625 0.27152777777777776 0.26484375 0.4791666666666667
3 0.17265625 0.08680555555555555 0.0734375 0.1736111111111111
3 0.071484375 0.15208333333333332 0.11171875 0.30416666666666664
3 0.186328125 0.2875 0.18359375 0.275
3 0.683984375 0.1701388888888889 0.09765625 0.3402777777777778
3 0.440625 0.21805555555555556 0.0625 0.09722222222222222
3 0.377734375 0.2152777777777778 0.04453125 0.08333333333333333