2 0.580859375 0.7347222222222223 0.12578125 0.5277777777777778
2 0.0625 0.5305555555555556 0.0578125 0.11388888888888889
2 0.16171875 0.5208333333333334 0.0375 0.1
2 0.74765625 0.6673611111111111 0.078125 0.3347222222222222
2 0.712890625 0.6479166666666667 0.05703125 0.28194444444444444
2 0.646484375 0.64375 0.05078125 0.28194444444444444
3 0.09375 0.7875 0.1875 0.4166666666666667
3 0.68671875 0.33194444444444443 0.6171875 0.6638888888888889
3 0.616796875 0.4305555555555556 0.08984375 0.16944444444444445
3 0.703515625 0.5194444444444445 0.06171875 0.175
0 0.6953125 0.5534722222222223 0.0453125 0.10694444444444444