3 0.9203125 0.34652777777777777 0.057421875 0.09097222222222222
3 0.1734375 0.3215277777777778 0.04375 0.08680555555555555
3 0.972265625 0.38055555555555554 0.0546875 0.12777777777777777
3 0.578125 0.8979166666666667 0.075 0.19444444444444445
3 0.165625 0.22430555555555556 0.06875 0.10902777777777778
3 0.434765625 0.49375 0.040234375 0.2361111111111111
3 0.891796875 0.3104166666666667 0.0703125 0.12222222222222222
3 0.606640625 0.06805555555555555 0.021875 0.03819444444444445
3 0.126953125 0.32708333333333334 0.062109375 0.09166666666666666
3 0.480078125 0.40069444444444446 0.0515625 0.09791666666666667
3 0.029296875 0.44305555555555554 0.058203125 0.09375
3 0.4328125 0.4201388888888889 0.036328125 0.08680555555555555
3 0.251953125 0.3173611111111111 0.093359375 0.13402777777777777
3 0.075390625 0.43125 0.044140625 0.12152777777777778
3 0.200390625 0.16319444444444445 0.030078125 0.052083333333333336
3 0.08671875 0.4201388888888889 0.021484375 0.05625
3 0.369921875 0.14930555555555555 0.0296875 0.07708333333333334
3 0.0671875 0.4083333333333333 0.026953125 0.07569444444444444
3 0.535546875 0.5645833333333333 0.0328125 0.0798611111111111
3 0.466796875 0.15763888888888888 0.028515625 0.1
3 0.331640625 0.30069444444444443 0.0390625 0.1076388888888889
3 0.108984375 0.3229166666666667 0.030078125 0.08402777777777778
3 0.881640625 0.18194444444444444 0.021875 0.05486111111111111
3 0.36953125 0.30833333333333335 0.115234375 0.13680555555555557
3 0.366015625 0.07569444444444444 0.019140625 0.06180555555555556
3 0.013671875 0.4375 0.02734375 0.08055555555555556
3 0.401953125 0.3090277777777778 0.0484375 0.09513888888888888
3 0.441015625 0.1986111111111111 0.037890625 0.08055555555555556
3 0.658203125 0.09930555555555555 0.013671875 0.027083333333333334
3 0.501953125 0.8479166666666667 0.039453125 0.11458333333333333
3 0.878515625 0.12222222222222222 0.019140625 0.07569444444444444
3 0.33046875 0.12430555555555556 0.0546875 0.07847222222222222
3 0.91640625 0.16180555555555556 0.0390625 0.10208333333333333
3 0.94609375 0.2722222222222222 0.0265625 0.044444444444444446
3 0.437890625 0.5743055555555555 0.033203125 0.07291666666666667
3 0.549609375 0.6902777777777778 0.037109375 0.11944444444444445
3 0.480078125 0.4673611111111111 0.051953125 0.2298611111111111
3 0.65234375 0.02847222222222222 0.016015625 0.035416666666666666
0 0.881640625 0.050694444444444445 0.015625 0.013194444444444444
0 0.98515625 0.1736111111111111 0.0203125 0.025
0 0.832421875 0.01875 0.016796875 0.014583333333333334
0 0.794921875 0.011805555555555555 0.013671875 0.013194444444444444
0 0.957421875 0.18819444444444444 0.0125 0.019444444444444445
0 0.83125 0.0375 0.015625 0.013888888888888888
0 0.929296875 0.06111111111111111 0.01875 0.016666666666666666
0 0.764453125 0.009722222222222222 0.014453125 0.013888888888888888
0 0.9828125 0.09236111111111112 0.033984375 0.04027777777777778