2 0.644921875 0.4409722222222222 0.01328125 0.034722222222222224
2 0.6890625 0.44583333333333336 0.0125 0.041666666666666664
2 0.105078125 0.5770833333333333 0.01484375 0.04583333333333333
2 0.658984375 0.4423611111111111 0.01484375 0.04027777777777778
1 0.105078125 0.8375 0.21015625 0.3194444444444444
1 0.153515625 0.5972222222222222 0.17890625 0.3972222222222222
3 0.574609375 0.21319444444444444 0.16328125 0.4263888888888889
3 0.495703125 0.21666666666666667 0.12421875 0.33611111111111114
3 0.064453125 0.3763888888888889 0.08828125 0.3638888888888889
3 0.194921875 0.3472222222222222 0.07890625 0.17777777777777778
3 0.359375 0.24375 0.08125 0.14583333333333334
3 0.026171875 0.4131944444444444 0.05234375 0.30972222222222223
3 0.136328125 0.3638888888888889 0.08203125 0.2833333333333333
3 0.807421875 0.4534722222222222 0.22421875 0.3402777777777778
3 0.109765625 0.41180555555555554 0.03359375 0.08194444444444444
3 0.40703125 0.6354166666666666 0.44375 0.7236111111111111
3 0.236328125 0.3472222222222222 0.06171875 0.275
3 0.971484375 0.42430555555555555 0.05546875 0.30416666666666664
3 0.3125 0.23472222222222222 0.05 0.125
3 0.27578125 0.3034722222222222 0.0515625 0.22916666666666666
3 0.276171875 0.2465277777777778 0.05078125 0.11805555555555555
3 0.11796875 0.3902777777777778 0.0484375 0.125
3 0.3125 0.3020833333333333 0.0546875 0.25972222222222224