2 0.208984375 0.6645833333333333 0.21015625 0.6652777777777777
2 0.66875 0.5854166666666667 0.0234375 0.07083333333333333
2 0.65625 0.5715277777777777 0.021875 0.0625
1 0.6046875 0.7333333333333333 0.028125 0.1388888888888889
1 0.764453125 0.6444444444444445 0.02734375 0.17777777777777778
1 0.66484375 0.6881944444444444 0.3265625 0.2791666666666667
1 0.684765625 0.7048611111111112 0.04140625 0.1597222222222222
1 0.8171875 0.6319444444444444 0.021875 0.16666666666666666
1 0.685546875 0.6902777777777778 0.02421875 0.13055555555555556
3 0.541015625 0.36319444444444443 0.06484375 0.16527777777777777
3 0.546484375 0.8534722222222222 0.09140625 0.1486111111111111
3 0.691796875 0.8534722222222222 0.12421875 0.1875
3 0.787890625 0.7597222222222222 0.08046875 0.2222222222222222
3 0.773828125 0.44375 0.11484375 0.2013888888888889
3 0.725390625 0.6868055555555556 0.06015625 0.10138888888888889