1 0.215234375 0.5076388888888889 0.1390625 0.06875
3 0.217578125 0.93125 0.084375 0.13402777777777777
3 0.1484375 0.9479166666666666 0.076171875 0.1
3 0.552734375 0.035416666666666666 0.040625 0.05486111111111111
3 0.355078125 0.12777777777777777 0.0390625 0.09444444444444444
3 0.755078125 0.19583333333333333 0.022265625 0.08611111111111111
3 0.011328125 0.95625 0.02265625 0.08472222222222223
3 0.707421875 0.29375 0.027734375 0.050694444444444445
3 0.1984375 0.34791666666666665 0.092578125 0.15555555555555556
3 0.807421875 0.21597222222222223 0.023046875 0.052083333333333336
3 0.728515625 0.2 0.021875 0.08125
3 0.433984375 0.12916666666666668 0.0328125 0.11180555555555556
3 0.875 0.06458333333333334 0.05625 0.09930555555555555
3 0.404296875 0.8194444444444444 0.041796875 0.11666666666666667
3 0.70859375 0.18263888888888888 0.0203125 0.0798611111111111
3 0.446875 0.8388888888888889 0.035546875 0.08125
3 0.291796875 0.5916666666666667 0.030859375 0.059027777777777776
3 0.885546875 0.95625 0.0828125 0.08333333333333333
3 0.180859375 0.5888888888888889 0.099609375 0.15
3 0.75703125 0.9611111111111111 0.1015625 0.07430555555555556
3 0.534765625 0.40069444444444446 0.020703125 0.04513888888888889
3 0.984375 0.6006944444444444 0.030078125 0.06180555555555556
3 0.846875 0.03819444444444445 0.030078125 0.06597222222222222
3 0.7921875 0.5895833333333333 0.020703125 0.04722222222222222
3 0.83125 0.9638888888888889 0.029296875 0.06875
3 0.557421875 0.4965277777777778 0.024609375 0.05763888888888889
3 0.10859375 0.5701388888888889 0.0703125 0.12291666666666666
3 0.306640625 0.1673611111111111 0.020703125 0.03819444444444445
3 0.594140625 0.9881944444444445 0.038671875 0.021527777777777778
3 0.585546875 0.46875 0.034375 0.03819444444444445
3 0.275 0.17083333333333334 0.019921875 0.03263888888888889
3 0.8640625 0.22083333333333333 0.026171875 0.03958333333333333
3 0.219140625 0.36041666666666666 0.0515625 0.1326388888888889
3 0.95625 0.9618055555555556 0.085546875 0.07222222222222222
3 0.390234375 0.15694444444444444 0.012890625 0.022916666666666665
3 0.416015625 0.41805555555555557 0.095703125 0.14930555555555555
3 0.146875 0.47708333333333336 0.038671875 0.06458333333333334
3 0.314453125 0.011805555555555555 0.01015625 0.02361111111111111
3 0.755078125 0.011805555555555555 0.02109375 0.02361111111111111
3 0.290234375 0.013194444444444444 0.03359375 0.02638888888888889
3 0.310546875 0.45902777777777776 0.073828125 0.11736111111111111
3 0.64609375 0.4701388888888889 0.030859375 0.07847222222222222
3 0.369921875 0.48125 0.192578125 0.27847222222222223
3 0.661328125 0.30486111111111114 0.025 0.12708333333333333
3 0.784375 0.70625 0.033203125 0.08819444444444445
3 0.52265625 0.42777777777777776 0.016015625 0.06319444444444444
3 0.4 0.010416666666666666 0.060546875 0.02013888888888889
3 0.846484375 0.21041666666666667 0.014453125 0.04722222222222222
3 0.36484375 0.5590277777777778 0.0703125 0.11458333333333333
3 0.428515625 0.10972222222222222 0.021875 0.06944444444444445
3 0.008203125 0.5083333333333333 0.01640625 0.05555555555555555
0 0.883203125 0.15486111111111112 0.0171875 0.022222222222222223
0 0.96171875 0.32083333333333336 0.019140625 0.025
0 0.876953125 0.12083333333333333 0.011328125 0.019444444444444445
0 0.946484375 0.25069444444444444 0.020703125 0.02847222222222222
0 0.984765625 0.3236111111111111 0.01328125 0.029861111111111113
0 0.975 0.30277777777777776 0.017578125 0.029166666666666667
0 0.954296875 0.3541666666666667 0.02109375 0.02638888888888889
0 0.964453125 0.3770833333333333 0.027734375 0.025
0 0.97734375 0.39791666666666664 0.02109375 0.02013888888888889
0 0.98515625 0.41597222222222224 0.017578125 0.024305555555555556
0 0.99375 0.4395833333333333 0.012109375 0.022916666666666665
0 0.86953125 0.20347222222222222 0.012890625 0.02013888888888889
0 0.858203125 0.18958333333333333 0.013671875 0.021527777777777778
0 0.850390625 0.17430555555555555 0.010546875 0.02013888888888889
0 0.843359375 0.16111111111111112 0.012890625 0.027083333333333334
0 0.836328125 0.14097222222222222 0.014453125 0.022222222222222223
0 0.825390625 0.12569444444444444 0.0109375 0.019444444444444445
0 0.81953125 0.10972222222222222 0.0109375 0.020833333333333332
0 0.81328125 0.09861111111111111 0.0109375 0.016666666666666666
0 0.805859375 0.08263888888888889 0.010546875 0.013194444444444444
0 0.797265625 0.06875 0.01015625 0.014583333333333334
0 0.809765625 0.05763888888888889 0.011328125 0.016666666666666666
0 0.79140625 0.05416666666666667 0.011328125 0.016666666666666666
0 0.778125 0.03263888888888889 0.008203125 0.014583333333333334
0 0.80390625 0.018055555555555554 0.013671875 0.016666666666666666
0 0.773828125 0.020833333333333332 0.009765625 0.01875
0 0.9921875 0.3784722222222222 0.015625 0.029861111111111113
0 0.9953125 0.3451388888888889 0.009375 0.024305555555555556