2 0.86484375 0.9493055555555555 0.0609375 0.09861111111111111
2 0.78984375 0.9756944444444444 0.0484375 0.04583333333333333
2 0.623828125 0.9583333333333334 0.01640625 0.07222222222222222
2 0.6984375 0.9722222222222222 0.0453125 0.05277777777777778
2 0.638671875 0.9590277777777778 0.01484375 0.07916666666666666
2 0.67578125 0.9569444444444445 0.0140625 0.07777777777777778
2 0.66484375 0.9583333333333334 0.0125 0.08055555555555556
1 0.521875 0.9104166666666667 0.2515625 0.1736111111111111
3 0.645703125 0.6902777777777778 0.13984375 0.5333333333333333
3 0.564453125 0.7590277777777777 0.11640625 0.43472222222222223
3 0.42578125 0.8104166666666667 0.0796875 0.3347222222222222
3 0.140234375 0.6881944444444444 0.07890625 0.09583333333333334
3 0.2125 0.7069444444444445 0.0671875 0.06944444444444445
3 0.016015625 0.6909722222222222 0.03203125 0.059722222222222225
3 0.3703125 0.80625 0.190625 0.3347222222222222
3 0.378125 0.8048611111111111 0.0515625 0.32916666666666666
3 0.34140625 0.7048611111111112 0.0484375 0.10694444444444444
3 0.3046875 0.7055555555555556 0.05625 0.09444444444444444
3 0.07265625 0.7118055555555556 0.05 0.034722222222222224
3 0.857421875 0.9159722222222222 0.28359375 0.16527777777777777
3 0.73671875 0.8013888888888889 0.034375 0.08055555555555556
3 0.287890625 0.7097222222222223 0.03828125 0.07777777777777778