2 0.49765625 0.49930555555555556 0.0171875 0.06805555555555555
2 0.812109375 0.4597222222222222 0.01171875 0.04722222222222222
2 0.559375 0.5243055555555556 0.040625 0.20972222222222223
2 0.765234375 0.4666666666666667 0.01640625 0.08611111111111111
2 0.601953125 0.5125 0.02734375 0.15555555555555556
2 0.744921875 0.4722222222222222 0.01640625 0.07777777777777778
2 0.834765625 0.4666666666666667 0.01640625 0.07222222222222222
2 0.57734375 0.5138888888888888 0.01875 0.1638888888888889
1 0.232421875 0.6368055555555555 0.46328125 0.30416666666666664
1 0.12265625 0.6548611111111111 0.24375 0.2569444444444444
1 0.8671875 0.46041666666666664 0.0859375 0.1375
1 0.790625 0.49930555555555556 0.4109375 0.2569444444444444
3 0.56171875 0.26319444444444445 0.06875 0.16527777777777777
3 0.796484375 0.28055555555555556 0.07578125 0.09722222222222222
3 0.495703125 0.3423611111111111 0.05390625 0.13472222222222222
3 0.410546875 0.4 0.04296875 0.225
3 0.70390625 0.3541666666666667 0.0390625 0.04722222222222222
3 0.640234375 0.5131944444444444 0.07734375 0.19305555555555556
3 0.215625 0.36875 0.05625 0.2902777777777778
3 0.372265625 0.3763888888888889 0.05703125 0.2361111111111111
3 0.09765625 0.4861111111111111 0.1953125 0.6583333333333333
3 0.669921875 0.35347222222222224 0.03828125 0.05138888888888889
3 0.443359375 0.38055555555555554 0.05078125 0.08055555555555556
3 0.451953125 0.31319444444444444 0.04453125 0.07916666666666666
3 0.88671875 0.7 0.0984375 0.5027777777777778
3 0.983203125 0.2625 0.03203125 0.10833333333333334
3 0.323828125 0.26944444444444443 0.04921875 0.125
3 0.669921875 0.38958333333333334 0.03984375 0.12361111111111112
3 0.203515625 0.3923611111111111 0.03515625 0.12916666666666668
3 0.42578125 0.4083333333333333 0.025 0.06944444444444445
3 0.270703125 0.38680555555555557 0.08359375 0.7736111111111111
3 0.746875 0.44375 0.0625 0.12361111111111112
3 0.328515625 0.38263888888888886 0.04609375 0.16527777777777777
3 0.594140625 0.40902777777777777 0.04296875 0.09583333333333334
3 0.782421875 0.44305555555555554 0.02890625 0.075
3 0.323828125 0.375 0.05078125 0.3333333333333333
3 0.478515625 0.3902777777777778 0.03046875 0.03888888888888889
3 0.845703125 0.3333333333333333 0.04921875 0.10277777777777777
3 0.478125 0.42777777777777776 0.03125 0.1111111111111111
3 0.173046875 0.3909722222222222 0.05859375 0.2513888888888889
3 0.703515625 0.40347222222222223 0.03984375 0.14583333333333334
3 0.9828125 0.3215277777777778 0.0328125 0.22916666666666666
3 0.746484375 0.41388888888888886 0.06015625 0.06388888888888888
3 0.3609375 0.3840277777777778 0.0390625 0.1625
3 0.845703125 0.30277777777777776 0.04921875 0.03888888888888889
3 0.4515625 0.3784722222222222 0.0484375 0.20972222222222223