2 0.466796875 0.31319444444444444 0.01796875 0.059722222222222225
2 0.50078125 0.30625 0.0140625 0.0375
2 0.23125 0.36666666666666664 0.025 0.05
2 0.535546875 0.3326388888888889 0.02421875 0.10416666666666667
3 0.411328125 0.1763888888888889 0.17265625 0.3527777777777778
3 0.26015625 0.18055555555555555 0.1578125 0.3611111111111111
3 0.41171875 0.08055555555555556 0.1734375 0.16111111111111112
3 0.5640625 0.10555555555555556 0.1140625 0.2111111111111111
3 0.6015625 0.19166666666666668 0.1921875 0.38333333333333336
3 0.2453125 0.29097222222222224 0.090625 0.1486111111111111
3 0.351953125 0.6819444444444445 0.278125 0.34791666666666665
3 0.65625 0.65 0.36875 0.3111111111111111
3 0.78203125 0.42777777777777776 0.121484375 0.16597222222222222