2 0.67109375 0.40902777777777777 0.0265625 0.13194444444444445
2 0.05390625 0.3236111111111111 0.04375 0.08055555555555556
2 0.424609375 0.4465277777777778 0.01328125 0.059722222222222225
2 0.600390625 0.42430555555555555 0.02421875 0.1125
2 0.578515625 0.4131944444444444 0.03515625 0.13194444444444445
2 0.886328125 0.4361111111111111 0.01328125 0.044444444444444446
2 0.71484375 0.4083333333333333 0.021875 0.13055555555555556
2 0.040234375 0.3229166666666667 0.01640625 0.06527777777777778
2 0.90390625 0.43819444444444444 0.0125 0.04027777777777778
2 0.99453125 0.4263888888888889 0.009375 0.075
3 0.094921875 0.3055555555555556 0.05234375 0.11388888888888889
3 0.164453125 0.30416666666666664 0.05234375 0.1361111111111111
3 0.91171875 0.32222222222222224 0.16875 0.25
3 0.801171875 0.36527777777777776 0.04296875 0.09166666666666666
3 0.451171875 0.32569444444444445 0.04296875 0.12638888888888888
3 0.262109375 0.3194444444444444 0.04921875 0.075
3 0.946875 0.32083333333333336 0.075 0.24722222222222223
3 0.35234375 0.2875 0.046875 0.11388888888888889
3 0.49609375 0.3125 0.0453125 0.15833333333333333
3 0.017578125 0.2520833333333333 0.03515625 0.09583333333333334
3 0.433203125 0.3819444444444444 0.02578125 0.16666666666666666
3 0.875 0.3368055555555556 0.0921875 0.2013888888888889
3 0.300390625 0.3111111111111111 0.05703125 0.14444444444444443
3 0.57890625 0.2986111111111111 0.2109375 0.30277777777777776
3 0.391015625 0.325 0.03828125 0.10833333333333334
3 0.58671875 0.2222222222222222 0.0515625 0.12222222222222222
3 0.04296875 0.2763888888888889 0.034375 0.058333333333333334
3 0.4703125 0.29583333333333334 0.45078125 0.30972222222222223
3 0.732421875 0.3861111111111111 0.01953125 0.08888888888888889
3 0.4125 0.34097222222222223 0.03125 0.07083333333333333
3 0.98984375 0.2986111111111111 0.01875 0.12222222222222222