3 0.37265625 0.20347222222222222 0.240625 0.40694444444444444
3 0.499609375 0.22777777777777777 0.99453125 0.45555555555555555
2 0.13203125 0.6159722222222223 0.2640625 0.7652777777777777
3 0.2265625 0.2263888888888889 0.284375 0.4527777777777778
3 0.865625 0.2125 0.2625 0.425
3 0.03984375 0.11944444444444445 0.0796875 0.2388888888888889
3 0.436328125 0.19930555555555557 0.11640625 0.39305555555555555
3 0.717578125 0.17291666666666666 0.11953125 0.3458333333333333
3 0.63046875 0.2152777777777778 0.2953125 0.4305555555555556
3 0.538671875 0.225 0.13203125 0.33611111111111114
3 0.618359375 0.21458333333333332 0.09609375 0.42916666666666664