2 0.7640625 0.9791666666666666 0.00625 0.025
2 0.270703125 0.8284722222222223 0.00546875 0.018055555555555554
2 0.86953125 0.9416666666666667 0.00625 0.025
2 0.88515625 0.9472222222222222 0.00625 0.022222222222222223
2 0.728125 0.9555555555555556 0.0046875 0.022222222222222223
2 0.544921875 0.9388888888888889 0.00703125 0.025
3 0.096484375 0.9361111111111111 0.03828125 0.12222222222222222
3 0.34375 0.8763888888888889 0.0421875 0.09722222222222222
3 0.519140625 0.8291666666666667 0.03828125 0.17777777777777778
3 0.486328125 0.8368055555555556 0.03671875 0.13472222222222222
3 0.690234375 0.7611111111111111 0.03828125 0.1
3 0.5546875 0.8326388888888889 0.0546875 0.17916666666666667
3 0.355078125 0.8055555555555556 0.01640625 0.041666666666666664
3 0.967578125 0.6763888888888889 0.06328125 0.19722222222222222
3 0.5890625 0.8201388888888889 0.0265625 0.0875
3 0.878515625 0.7951388888888888 0.07265625 0.14027777777777778
3 0.446484375 0.8819444444444444 0.06015625 0.1527777777777778
3 0.85 0.8041666666666667 0.0453125 0.12777777777777777
3 0.9578125 0.7993055555555556 0.034375 0.08194444444444444
3 0.73515625 0.7722222222222223 0.053125 0.20277777777777778
3 0.35546875 0.9527777777777777 0.034375 0.06111111111111111
3 0.387109375 0.8895833333333333 0.03984375 0.11527777777777778
3 0.87734375 0.5923611111111111 0.0234375 0.10416666666666667
3 0.78515625 0.5326388888888889 0.021875 0.0763888888888889
3 0.79765625 0.7763888888888889 0.2453125 0.21388888888888888
3 0.862109375 0.5736111111111111 0.01640625 0.08333333333333333
3 0.46015625 0.8493055555555555 0.2765625 0.2263888888888889
3 0.4375 0.7819444444444444 0.03125 0.06111111111111111
0 0.950390625 0.9569444444444445 0.03359375 0.030555555555555555
0 0.985546875 0.9013888888888889 0.02734375 0.03333333333333333
0 0.954296875 0.8701388888888889 0.03203125 0.02638888888888889
0 0.983984375 0.9902777777777778 0.03046875 0.016666666666666666
0 0.82890625 0.9895833333333334 0.0328125 0.018055555555555554
0 0.987890625 0.8763888888888889 0.02265625 0.022222222222222223