2 0.873046875 0.93125 0.01328125 0.04027777777777778
2 0.51875 0.9805555555555555 0.0125 0.03611111111111111
2 0.185546875 0.9548611111111112 0.01015625 0.05138888888888889
2 0.194140625 0.9722222222222222 0.01171875 0.025
2 0.5296875 0.9680555555555556 0.015625 0.06111111111111111
2 0.43125 0.9590277777777778 0.0125 0.05138888888888889
1 0.7 0.8673611111111111 0.34609375 0.2652777777777778
3 0.948046875 0.7347222222222223 0.10234375 0.38333333333333336
3 0.3359375 0.7625 0.2828125 0.4638888888888889
3 0.849609375 0.8034722222222223 0.03828125 0.06527777777777778
3 0.7609375 0.7930555555555555 0.040625 0.1
3 0.540234375 0.7979166666666667 0.1546875 0.3638888888888889
3 0.810546875 0.8097222222222222 0.03046875 0.05
3 0.687109375 0.8916666666666667 0.07265625 0.11666666666666667
3 0.10703125 0.7770833333333333 0.2125 0.44027777777777777
3 0.03046875 0.3972222222222222 0.0609375 0.6111111111111112
3 0.108203125 0.54375 0.21640625 0.9041666666666667
3 0.87890625 0.8138888888888889 0.034375 0.041666666666666664
3 0.46015625 0.7951388888888888 0.0828125 0.3680555555555556
3 0.759375 0.8486111111111111 0.04375 0.2111111111111111