2 0.521484375 0.8840277777777777 0.0078125 0.029861111111111113
2 0.656640625 0.9368055555555556 0.005078125 0.021527777777777778
2 0.6640625 0.9354166666666667 0.00625 0.027083333333333334
1 0.548046875 0.5743055555555555 0.029296875 0.05625
1 0.541796875 0.5715277777777777 0.015625 0.050694444444444445
3 0.948828125 0.2847222222222222 0.065625 0.09513888888888888
3 0.151953125 0.2590277777777778 0.048828125 0.09513888888888888
3 0.102734375 0.26458333333333334 0.058984375 0.09791666666666667
3 0.0390625 0.3736111111111111 0.030078125 0.12708333333333333
3 0.986328125 0.3194444444444444 0.026171875 0.11666666666666667
3 0.364453125 0.0798611111111111 0.030859375 0.08125
3 0.465234375 0.08819444444444445 0.0296875 0.11180555555555556
3 0.478515625 0.34375 0.053515625 0.10347222222222222
3 0.239453125 0.24861111111111112 0.093359375 0.1361111111111111
3 0.430078125 0.4423611111111111 0.041015625 0.24791666666666667
3 0.915234375 0.26180555555555557 0.0734375 0.09722222222222222
3 0.322265625 0.24097222222222223 0.044140625 0.12569444444444444
3 0.912890625 0.04236111111111111 0.05 0.06736111111111111
3 0.553125 0.7256944444444444 0.026953125 0.05555555555555555
3 0.362890625 0.24097222222222223 0.124609375 0.15
3 0.97109375 0.20625 0.0296875 0.050694444444444445
3 0.060546875 0.36041666666666666 0.023828125 0.05486111111111111
3 0.958984375 0.3423611111111111 0.021484375 0.03333333333333333
3 0.321484375 0.04722222222222222 0.063671875 0.09236111111111112
3 0.498828125 0.8340277777777778 0.0375 0.10277777777777777
3 0.392578125 0.2652777777777778 0.043359375 0.06597222222222222
3 0.428515625 0.35625 0.037890625 0.07569444444444444
3 0.547265625 0.6652777777777777 0.025390625 0.06041666666666667
3 0.18671875 0.09236111111111112 0.028515625 0.059027777777777776
3 0.494140625 0.5590277777777778 0.028515625 0.06458333333333334
3 0.437109375 0.18541666666666667 0.048828125 0.19791666666666666
3 0.956640625 0.09791666666666667 0.051953125 0.08055555555555556
3 0.542578125 0.6118055555555556 0.0171875 0.052083333333333336
3 0.5390625 0.5194444444444445 0.033203125 0.08125
3 0.47890625 0.43680555555555556 0.0546875 0.28888888888888886
3 0.969140625 0.09652777777777778 0.0296875 0.07291666666666667
3 0.396484375 0.24513888888888888 0.0546875 0.1076388888888889
3 0.436328125 0.12777777777777777 0.044921875 0.08333333333333333
3 0.504296875 0.7354166666666667 0.028515625 0.08055555555555556
3 0.14375 0.15763888888888888 0.066796875 0.11666666666666667
3 0.554296875 0.8048611111111111 0.0265625 0.07291666666666667
3 0.010546875 0.3875 0.02109375 0.07777777777777778
0 0.95703125 0.06180555555555556 0.018359375 0.017361111111111112
0 0.941796875 0.004861111111111111 0.015234375 0.009027777777777777
0 0.9890625 0.06458333333333334 0.020703125 0.022222222222222223
0 0.993359375 0.013194444444444444 0.01171875 0.02638888888888889