3 0.58828125 0.6583333333333333 0.3171875 0.6416666666666667
2 0.01875 0.9201388888888888 0.0375 0.15694444444444444
2 0.05 0.9305555555555556 0.0296875 0.13333333333333333
3 0.129296875 0.7076388888888889 0.25234375 0.48194444444444445
3 0.94453125 0.8 0.109375 0.39444444444444443
3 0.721484375 0.7736111111111111 0.14609375 0.225
3 0.062109375 0.13125 0.12421875 0.2625
3 0.22109375 0.8451388888888889 0.065625 0.1597222222222222
3 0.863671875 0.9069444444444444 0.09140625 0.18055555555555555
3 0.48515625 0.6923611111111111 0.1109375 0.3902777777777778
3 0.20078125 0.6458333333333334 0.1046875 0.225