2 0.540234375 0.6805555555555556 0.02265625 0.09722222222222222
2 0.565234375 0.6805555555555556 0.01796875 0.1
1 0.5 0.8347222222222223 0.99375 0.325
1 0.295703125 0.7923611111111111 0.58359375 0.2263888888888889
3 0.709765625 0.4986111111111111 0.57890625 0.9972222222222222
3 0.255859375 0.4083333333333333 0.13828125 0.5444444444444444
3 0.42109375 0.44375 0.09375 0.49027777777777776
3 0.053515625 0.5319444444444444 0.10703125 0.6861111111111111
3 0.441015625 0.5958333333333333 0.08984375 0.2
3 0.2875 0.6513888888888889 0.053125 0.09722222222222222
3 0.33203125 0.6479166666666667 0.0421875 0.09027777777777778