2 0.097265625 0.90625 0.01640625 0.06527777777777778
2 0.032421875 0.9430555555555555 0.02890625 0.1111111111111111
2 0.10390625 0.9798611111111111 0.0328125 0.0375
2 0.128515625 0.9013888888888889 0.01171875 0.05555555555555555
2 0.315625 0.7319444444444444 0.0078125 0.03888888888888889
2 0.00703125 0.9444444444444444 0.0140625 0.10833333333333334
1 0.73984375 0.9159722222222222 0.01875 0.03194444444444444
3 0.633984375 0.69375 0.13671875 0.4513888888888889
3 0.702734375 0.6527777777777778 0.11796875 0.525
3 0.529296875 0.5951388888888889 0.09453125 0.30694444444444446
3 0.095703125 0.5479166666666667 0.18828125 0.5819444444444445
3 0.206640625 0.6118055555555556 0.15546875 0.5236111111111111
3 0.301953125 0.6333333333333333 0.10703125 0.6111111111111112
3 0.882421875 0.6888888888888889 0.11953125 0.4444444444444444
3 0.400390625 0.4986111111111111 0.24140625 0.5305555555555556
3 0.94375 0.6430555555555556 0.109375 0.5222222222222223
3 0.801171875 0.6590277777777778 0.11640625 0.5013888888888889
3 0.030078125 0.3347222222222222 0.06015625 0.25
3 0.975390625 0.5784722222222223 0.04765625 0.4125
3 0.76015625 0.8888888888888888 0.0265625 0.075
3 0.7234375 0.8840277777777777 0.0265625 0.07083333333333333
3 0.68984375 0.8763888888888889 0.025 0.05277777777777778
3 0.31640625 0.9090277777777778 0.03125 0.07916666666666666
3 0.865625 0.8770833333333333 0.025 0.05416666666666667
3 0.90078125 0.8819444444444444 0.028125 0.06666666666666667
3 0.60546875 0.8763888888888889 0.025 0.05277777777777778
3 0.939453125 0.8826388888888889 0.02578125 0.06805555555555555
3 0.737109375 0.7569444444444444 0.13359375 0.275
3 0.039453125 0.7833333333333333 0.05234375 0.20277777777777778
0 0.6640625 0.8638888888888889 0.021875 0.041666666666666664