2 0.012890625 0.3701388888888889 0.005859375 0.01875
3 0.03828125 0.9527777777777777 0.0765625 0.09097222222222222
3 0.686328125 0.08819444444444445 0.043359375 0.08055555555555556
3 0.462890625 0.1423611111111111 0.0453125 0.09375
3 0.726953125 0.43680555555555556 0.029296875 0.06111111111111111
3 0.965234375 0.38680555555555557 0.0265625 0.07291666666666667
3 0.78515625 0.31319444444444444 0.024609375 0.12430555555555556
3 0.835546875 0.3284722222222222 0.0234375 0.11180555555555556
3 0.808984375 0.3263888888888889 0.0203125 0.10486111111111111
3 0.2578125 0.3763888888888889 0.051171875 0.10833333333333334
3 0.05859375 0.4652777777777778 0.0234375 0.04513888888888889
3 0.614453125 0.6076388888888888 0.034375 0.08333333333333333
3 0.651171875 0.9402777777777778 0.040234375 0.07847222222222222
3 0.5421875 0.4895833333333333 0.023828125 0.04652777777777778
3 0.255859375 0.6277777777777778 0.028125 0.05555555555555555
3 0.5703125 0.5798611111111112 0.032421875 0.04236111111111111
3 0.935546875 0.8743055555555556 0.031640625 0.052083333333333336
3 0.685546875 0.3451388888888889 0.021875 0.06041666666666667
3 0.3328125 0.5534722222222223 0.128125 0.23333333333333334
3 0.660546875 0.8229166666666666 0.030859375 0.06388888888888888
3 0.50390625 0.6423611111111112 0.025390625 0.06944444444444445
3 0.720703125 0.7930555555555555 0.026171875 0.049305555555555554
3 0.055078125 0.3909722222222222 0.025 0.04236111111111111
3 0.272265625 0.8944444444444445 0.043359375 0.09791666666666667
3 0.155859375 0.5881944444444445 0.087109375 0.1388888888888889
3 0.888671875 0.3625 0.028515625 0.07708333333333334
3 0.473828125 0.4986111111111111 0.015234375 0.05625
3 0.241796875 0.3576388888888889 0.0859375 0.14791666666666667
3 0.5546875 0.6673611111111111 0.020703125 0.05486111111111111
3 0.227734375 0.33194444444444443 0.055859375 0.09513888888888888
3 0.01484375 0.46875 0.0296875 0.03958333333333333
3 0.01953125 0.11944444444444445 0.037109375 0.06319444444444444
3 0.673828125 0.4111111111111111 0.013671875 0.06458333333333334
3 0.397265625 0.47708333333333336 0.05 0.13333333333333333
3 0.297265625 0.9381944444444444 0.052734375 0.08333333333333333
3 0.513671875 0.6243055555555556 0.0453125 0.10625
3 0.29765625 0.625 0.043359375 0.09097222222222222
3 0.925390625 0.043055555555555555 0.072265625 0.08611111111111111
3 0.098046875 0.5701388888888889 0.05625 0.11597222222222223
3 0.0796875 0.041666666666666664 0.035546875 0.08333333333333333
3 0.175390625 0.46458333333333335 0.029296875 0.06319444444444444
3 0.693359375 0.7861111111111111 0.0125 0.044444444444444446
3 0.909765625 0.03958333333333333 0.0359375 0.049305555555555554
3 0.378515625 0.1875 0.064453125 0.07152777777777777
3 0.518359375 0.5076388888888889 0.022265625 0.03680555555555556
3 0.795703125 0.8895833333333333 0.026171875 0.06944444444444445
3 0.98515625 0.7479166666666667 0.027734375 0.10833333333333334
3 0.4546875 0.013194444444444444 0.046875 0.02638888888888889
3 0.030078125 0.06597222222222222 0.039453125 0.09652777777777778
3 0.97734375 0.4875 0.0171875 0.07152777777777777
3 0.694140625 0.8618055555555556 0.035546875 0.08125
3 0.94140625 0.021527777777777778 0.037109375 0.04236111111111111
3 0.961328125 0.9229166666666667 0.019921875 0.06180555555555556
3 0.511328125 0.5493055555555556 0.024609375 0.06111111111111111
3 0.3046875 0.6402777777777777 0.029296875 0.06041666666666667
3 0.858203125 0.9326388888888889 0.028125 0.050694444444444445
3 0.385546875 0.18472222222222223 0.023046875 0.06597222222222222
3 0.651953125 0.11388888888888889 0.030859375 0.04791666666666667
0 0.05625 0.059722222222222225 0.010546875 0.013888888888888888
0 0.993359375 0.39652777777777776 0.012109375 0.03263888888888889
0 0.9921875 0.3645833333333333 0.015234375 0.017361111111111112
0 0.992578125 0.34444444444444444 0.012109375 0.020833333333333332
0 0.987109375 0.32430555555555557 0.0140625 0.02361111111111111
0 0.986328125 0.30069444444444443 0.016015625 0.024305555555555556
0 0.983984375 0.27361111111111114 0.014453125 0.02013888888888889
0 0.98671875 0.24444444444444444 0.012109375 0.022222222222222223
0 0.978515625 0.23125 0.016796875 0.022222222222222223
0 0.980859375 0.2111111111111111 0.016796875 0.034027777777777775
0 0.976953125 0.17083333333333334 0.0109375 0.02361111111111111
0 0.990625 0.14027777777777778 0.00703125 0.016666666666666666
0 0.9734375 0.15069444444444444 0.012109375 0.022916666666666665
0 0.97421875 0.13125 0.012890625 0.021527777777777778
0 0.967578125 0.09652777777777778 0.008984375 0.017361111111111112
0 0.9703125 0.08263888888888889 0.009375 0.02013888888888889
1 0.227734375 0.5097222222222222 0.096875 0.08194444444444444