2 0.909375 0.7840277777777778 0.065625 0.2125
2 0.0609375 0.7479166666666667 0.053125 0.20416666666666666
2 0.134375 0.7451388888888889 0.0375 0.16805555555555557
2 0.410546875 0.7270833333333333 0.03046875 0.14027777777777778
2 0.17109375 0.8368055555555556 0.0734375 0.3013888888888889
2 0.28515625 0.7291666666666666 0.025 0.1527777777777778
2 0.26328125 0.8152777777777778 0.0453125 0.25555555555555554
2 0.23046875 0.825 0.0640625 0.275
2 0.344921875 0.6930555555555555 0.01796875 0.08055555555555556
2 0.25859375 0.6756944444444445 0.015625 0.03194444444444444
2 0.173828125 0.7125 0.02734375 0.09444444444444444
2 0.200390625 0.6944444444444444 0.01640625 0.08055555555555556
3 0.104296875 0.36944444444444446 0.20859375 0.7388888888888889
3 0.809375 0.3680555555555556 0.1453125 0.7361111111111112
3 0.81171875 0.6736111111111112 0.06875 0.125
3 0.7265625 0.6868055555555556 0.078125 0.09861111111111111
3 0.54375 0.6125 0.0625 0.05555555555555555
3 0.40546875 0.6597222222222222 0.0578125 0.11666666666666667
3 0.54375 0.6430555555555556 0.0625 0.11666666666666667