2 0.826171875 0.46458333333333335 0.03203125 0.10416666666666667
2 0.844921875 0.4652777777777778 0.03046875 0.08333333333333333
1 0.926953125 0.5465277777777777 0.03515625 0.24027777777777778
1 0.531640625 0.6576388888888889 0.02109375 0.14583333333333334
1 0.68671875 0.65 0.0375 0.16944444444444445
1 0.530859375 0.7465277777777778 0.09765625 0.3263888888888889
1 0.6609375 0.6138888888888889 0.6265625 0.3861111111111111
1 0.809375 0.6125 0.034375 0.20555555555555555
3 0.497265625 0.2722222222222222 0.29921875 0.5416666666666666
3 0.553515625 0.8104166666666667 0.14765625 0.1986111111111111
3 0.94296875 0.26458333333333334 0.1 0.23194444444444445
3 0.3953125 0.4236111111111111 0.09375 0.24444444444444444
3 0.9296875 0.75625 0.1109375 0.25416666666666665
3 0.753515625 0.8326388888888889 0.19609375 0.2625
3 0.941796875 0.5125 0.11171875 0.7361111111111112