2 0.953125 0.7590277777777777 0.0328125 0.14583333333333334
2 0.8421875 0.8625 0.0625 0.2722222222222222
2 0.81328125 0.8493055555555555 0.08125 0.28194444444444444
3 0.220703125 0.5291666666666667 0.08515625 0.275
3 0.384375 0.5763888888888888 0.0953125 0.16944444444444445
3 0.50625 0.5236111111111111 0.0703125 0.1527777777777778
3 0.312890625 0.5993055555555555 0.05234375 0.1125
3 0.62265625 0.5576388888888889 0.0453125 0.07361111111111111
3 0.14921875 0.5520833333333334 0.0203125 0.07361111111111111
3 0.247265625 0.7923611111111111 0.07890625 0.20416666666666666
3 0.15390625 0.8041666666666667 0.1140625 0.22777777777777777
3 0.651953125 0.7270833333333333 0.04765625 0.09861111111111111
3 0.069140625 0.8305555555555556 0.13828125 0.3333333333333333
3 0.698828125 0.6673611111111111 0.03984375 0.09861111111111111
3 0.35703125 0.6055555555555555 0.040625 0.1
3 0.568359375 0.5736111111111111 0.01796875 0.03888888888888889
0 0.259765625 0.6708333333333333 0.08203125 0.06111111111111111