2 0.85390625 0.9791666666666666 0.01875 0.03888888888888889
2 0.842578125 0.9819444444444444 0.01484375 0.03333333333333333
3 0.8453125 0.8333333333333334 0.0421875 0.10555555555555556
3 0.94140625 0.8347222222222223 0.0421875 0.06944444444444445
3 0.41640625 0.8020833333333334 0.2765625 0.3902777777777778
3 0.180078125 0.8263888888888888 0.23046875 0.3416666666666667
3 0.89921875 0.8465277777777778 0.0359375 0.05416666666666667
3 0.976953125 0.8458333333333333 0.04296875 0.044444444444444446
3 0.59765625 0.8298611111111112 0.2171875 0.3347222222222222
3 0.769921875 0.9402777777777778 0.08046875 0.11388888888888889
3 0.074609375 0.4986111111111111 0.14921875 0.9972222222222222
3 0.237890625 0.8263888888888888 0.11640625 0.3388888888888889
3 0.873828125 0.8631944444444445 0.02421875 0.0375
3 0.99453125 0.7173611111111111 0.009375 0.12083333333333333