2 0.16328125 0.6361111111111111 0.0140625 0.03888888888888889
2 0.14453125 0.6090277777777777 0.0125 0.05694444444444444
2 0.43359375 0.6118055555555556 0.0078125 0.05138888888888889
2 0.080859375 0.6180555555555556 0.01015625 0.041666666666666664
2 0.505859375 0.6430555555555556 0.01171875 0.044444444444444446
2 0.390625 0.61875 0.0109375 0.04583333333333333
2 0.454296875 0.6131944444444445 0.01015625 0.04861111111111111
1 0.50390625 0.8173611111111111 0.9875 0.35694444444444445
1 0.465625 0.8736111111111111 0.034375 0.24444444444444444
1 0.3875 0.8527777777777777 0.034375 0.16666666666666666
1 0.32265625 0.8048611111111111 0.0265625 0.16805555555555557
1 0.4546875 0.8520833333333333 0.59375 0.2902777777777778
3 0.703125 0.4756944444444444 0.0375 0.09027777777777778
3 0.784375 0.48680555555555555 0.034375 0.059722222222222225
3 0.2875 0.46041666666666664 0.296875 0.5319444444444444
3 0.084765625 0.4548611111111111 0.16953125 0.49027777777777776
3 0.918359375 0.39305555555555555 0.16171875 0.3972222222222222
3 0.7484375 0.49236111111111114 0.028125 0.04583333333333333
3 0.63359375 0.5784722222222223 0.0640625 0.14583333333333334
3 0.955859375 0.5993055555555555 0.08671875 0.31527777777777777
3 0.509375 0.46805555555555556 0.1484375 0.3472222222222222
3 0.8140625 0.49722222222222223 0.0375 0.03611111111111111
3 0.8796875 0.5506944444444445 0.0453125 0.0875