2 0.272265625 0.6743055555555556 0.01796875 0.09027777777777778
2 0.3765625 0.68125 0.0296875 0.12083333333333333
2 0.469140625 0.66875 0.00859375 0.04583333333333333
2 0.798046875 0.6909722222222222 0.01484375 0.07083333333333333
2 0.554296875 0.6756944444444445 0.01796875 0.08472222222222223
2 0.78203125 0.6854166666666667 0.015625 0.07361111111111111
2 0.76875 0.6868055555555556 0.0125 0.06805555555555555
2 0.10625 0.6770833333333334 0.0234375 0.10416666666666667
1 0.216796875 0.6986111111111111 0.43203125 0.2638888888888889
1 0.216796875 0.7729166666666667 0.43203125 0.11527777777777778
1 0.357421875 0.7416666666666667 0.04609375 0.044444444444444446
3 0.711328125 0.3840277777777778 0.17109375 0.7680555555555556
3 0.854296875 0.3902777777777778 0.23671875 0.7805555555555556
3 0.17890625 0.4888888888888889 0.065625 0.1388888888888889
3 0.0234375 0.5083333333333333 0.046875 0.20833333333333334
3 0.070703125 0.5041666666666667 0.07734375 0.15
3 0.376171875 0.49166666666666664 0.08359375 0.2972222222222222
3 0.225 0.5284722222222222 0.0578125 0.1625
3 0.418359375 0.4583333333333333 0.09921875 0.39166666666666666
3 0.318359375 0.4951388888888889 0.07265625 0.18472222222222223
3 0.51328125 0.6666666666666666 0.08125 0.175
3 0.128515625 0.48819444444444443 0.05546875 0.19027777777777777
3 0.646875 0.5340277777777778 0.0546875 0.06805555555555555
3 0.26484375 0.5215277777777778 0.0640625 0.2263888888888889
3 0.923046875 0.7652777777777777 0.14765625 0.2972222222222222
3 0.305078125 0.65 0.05390625 0.1388888888888889
3 0.10546875 0.5131944444444444 0.040625 0.16527777777777777