3 0.272265625 0.5909722222222222 0.50546875 0.8097222222222222
3 0.183203125 0.4201388888888889 0.22421875 0.44583333333333336
2 0.891015625 0.5361111111111111 0.05078125 0.16944444444444445
2 0.931640625 0.5291666666666667 0.04296875 0.15833333333333333
2 0.98828125 0.5583333333333333 0.021875 0.1638888888888889
2 0.915234375 0.5326388888888889 0.02421875 0.14583333333333334
3 0.8734375 0.3645833333333333 0.0828125 0.18194444444444444
3 0.803125 0.40902777777777777 0.134375 0.2125
3 0.973828125 0.3923611111111111 0.05078125 0.16805555555555557
3 0.08046875 0.43333333333333335 0.15625 0.39166666666666666
3 0.585546875 0.4354166666666667 0.11484375 0.1597222222222222
3 0.457421875 0.6375 0.12265625 0.6583333333333333
3 0.657421875 0.4305555555555556 0.05390625 0.16111111111111112