2 0.185546875 0.7833333333333333 0.10859375 0.4305555555555556
2 0.5296875 0.7402777777777778 0.0671875 0.31666666666666665
2 0.430859375 0.7305555555555555 0.06015625 0.33055555555555555
2 0.064453125 0.78125 0.12890625 0.43472222222222223
2 0.333984375 0.6715277777777777 0.03046875 0.1736111111111111
2 0.397265625 0.6527777777777778 0.03671875 0.2111111111111111
2 0.49921875 0.6840277777777778 0.0390625 0.27361111111111114
2 0.471484375 0.6902777777777778 0.04453125 0.26666666666666666
2 0.351953125 0.6611111111111111 0.02734375 0.16666666666666666
2 0.106640625 0.7430555555555556 0.08671875 0.3388888888888889
3 0.7703125 0.4979166666666667 0.2296875 0.9958333333333333
3 0.909375 0.8916666666666667 0.09375 0.2111111111111111
3 0.229296875 0.35555555555555557 0.45703125 0.7111111111111111
3 0.895703125 0.5909722222222222 0.11640625 0.2708333333333333
3 0.661328125 0.60625 0.06484375 0.1763888888888889
3 0.47890625 0.4215277777777778 0.2625 0.3375
3 0.28203125 0.3548611111111111 0.165625 0.7097222222222223
3 0.125 0.2923611111111111 0.2484375 0.5847222222222223