2 0.7015625 0.29375 0.071875 0.37083333333333335
2 0.778515625 0.29791666666666666 0.05859375 0.3819444444444444
2 0.9140625 0.2638888888888889 0.0578125 0.26666666666666666
2 0.5078125 0.2826388888888889 0.0140625 0.09861111111111111
2 0.5578125 0.27847222222222223 0.0203125 0.09861111111111111
2 0.473828125 0.3020833333333333 0.01484375 0.0763888888888889
2 0.523828125 0.2847222222222222 0.01484375 0.08333333333333333
3 0.421875 0.3736111111111111 0.2734375 0.7472222222222222
3 0.121875 0.17569444444444443 0.05 0.35138888888888886
3 0.02734375 0.18194444444444444 0.0546875 0.3638888888888889
2 0.9640625 0.23333333333333334 0.05 0.22291666666666668