2 0.51171875 0.5534722222222223 0.0109375 0.044444444444444446
2 0.560546875 0.5645833333333333 0.008984375 0.04375
2 0.534375 0.5034722222222222 0.010546875 0.041666666666666664
2 0.48828125 0.5541666666666667 0.0078125 0.034027777777777775
1 0.363671875 0.5006944444444444 0.052734375 0.1361111111111111
3 0.276953125 0.3138888888888889 0.075390625 0.2965277777777778
3 0.776171875 0.3145833333333333 0.086328125 0.35208333333333336
3 0.117578125 0.5319444444444444 0.23515625 0.9277777777777778
3 0.481640625 0.5027777777777778 0.072265625 0.14444444444444443
3 0.637890625 0.26458333333333334 0.054296875 0.12152777777777778
3 0.588671875 0.49583333333333335 0.0625 0.10069444444444445
3 0.351953125 0.32569444444444445 0.063671875 0.08541666666666667
3 0.903515625 0.9423611111111111 0.190625 0.1111111111111111
3 0.4421875 0.39375 0.116796875 0.34375
3 0.4421875 0.29930555555555555 0.114453125 0.15
3 0.651953125 0.3326388888888889 0.0828125 0.25763888888888886
3 0.66875 0.3611111111111111 0.048828125 0.2
3 0.871875 0.44930555555555557 0.071875 0.1111111111111111
3 0.640234375 0.4798611111111111 0.0578125 0.07430555555555556
3 0.61171875 0.5548611111111111 0.0890625 0.09930555555555555
3 0.9609375 0.07152777777777777 0.076953125 0.1388888888888889
3 0.8171875 0.43819444444444444 0.04375 0.11388888888888889
3 0.72578125 0.4701388888888889 0.069140625 0.07847222222222222
3 0.30390625 0.4618055555555556 0.037890625 0.07291666666666667
3 0.448046875 0.37083333333333335 0.0375 0.04375
3 0.578125 0.4465277777777778 0.036328125 0.04375
3 0.96875 0.2701388888888889 0.060546875 0.30486111111111114
3 0.954296875 0.4 0.089453125 0.19652777777777777
3 0.220703125 0.2847222222222222 0.055078125 0.15833333333333333
3 0.266015625 0.32708333333333334 0.066015625 0.07847222222222222
0 0.423828125 0.3888888888888889 0.009375 0.016666666666666666