2 0.917578125 0.5847222222222223 0.01796875 0.041666666666666664
2 0.620703125 0.6277777777777778 0.01640625 0.06944444444444445
2 0.29296875 0.6402777777777777 0.0125 0.03611111111111111
2 0.392578125 0.6381944444444444 0.01015625 0.043055555555555555
2 0.275 0.6152777777777778 0.009375 0.05277777777777778
1 0.569921875 0.8201388888888889 0.85234375 0.3541666666666667
1 0.576171875 0.8625 0.03359375 0.2388888888888889
1 0.492578125 0.8388888888888889 0.02265625 0.1527777777777778
1 0.43828125 0.7993055555555556 0.0359375 0.16805555555555557
3 0.925390625 0.46041666666666664 0.04296875 0.0625
3 0.0703125 0.3506944444444444 0.140625 0.7013888888888888
3 0.832421875 0.4534722222222222 0.03984375 0.09583333333333334
3 0.40703125 0.46875 0.2734375 0.5152777777777777
3 0.194921875 0.475 0.20234375 0.4527777777777778
3 0.88359375 0.46805555555555556 0.0328125 0.04722222222222222
3 0.754296875 0.5694444444444444 0.07109375 0.15
3 0.557421875 0.46111111111111114 0.13203125 0.35
3 0.147265625 0.35208333333333336 0.29453125 0.7041666666666667
3 0.621875 0.46111111111111114 0.15625 0.35833333333333334
3 0.991796875 0.3861111111111111 0.01484375 0.075