2 0.219140625 0.8486111111111111 0.010546875 0.049305555555555554
2 0.594140625 0.9243055555555556 0.015234375 0.06180555555555556
2 0.56796875 0.9076388888888889 0.0109375 0.05277777777777778
2 0.579296875 0.9104166666666667 0.012109375 0.05347222222222222
2 0.591796875 0.8409722222222222 0.009375 0.05
2 0.833984375 0.8680555555555556 0.008203125 0.034027777777777775
2 0.604296875 0.8416666666666667 0.008984375 0.04652777777777778
2 0.662109375 0.8659722222222223 0.0078125 0.03819444444444445
1 0.352734375 0.9284722222222223 0.210546875 0.1388888888888889
3 0.951171875 0.6479166666666667 0.096875 0.5340277777777778
3 0.037890625 0.8486111111111111 0.075390625 0.29930555555555555
3 0.142578125 0.6555555555555556 0.102734375 0.37569444444444444
3 0.510546875 0.93125 0.113671875 0.13402777777777777
3 0.236328125 0.6263888888888889 0.114453125 0.4284722222222222
3 0.752734375 0.675 0.0875 0.39791666666666664
3 0.4953125 0.5256944444444445 0.158203125 0.19652777777777777
3 0.803515625 0.7243055555555555 0.080078125 0.32569444444444445
3 0.28125 0.8173611111111111 0.033203125 0.07222222222222222
3 0.6640625 0.8284722222222223 0.058203125 0.09722222222222222
3 0.519140625 0.8298611111111112 0.0578125 0.07847222222222222
3 0.488671875 0.6590277777777778 0.051171875 0.075
3 0.387109375 0.55625 0.070703125 0.1284722222222222
3 0.893359375 0.8979166666666667 0.118359375 0.15763888888888888
3 0.68203125 0.9479166666666666 0.0984375 0.10069444444444445
3 0.543359375 0.6736111111111112 0.041796875 0.050694444444444445
3 0.363671875 0.5972222222222222 0.026171875 0.052083333333333336
3 0.363671875 0.8388888888888889 0.048828125 0.07777777777777778
3 0.1859375 0.8513888888888889 0.057421875 0.08611111111111111
3 0.226953125 0.8180555555555555 0.030078125 0.04722222222222222
3 0.146875 0.8909722222222223 0.054296875 0.08819444444444445
3 0.32734375 0.8583333333333333 0.024609375 0.06319444444444444
3 0.760546875 0.9263888888888889 0.098828125 0.1361111111111111
3 0.293359375 0.50625 0.0828125 0.19652777777777777
3 0.387109375 0.9027777777777778 0.074609375 0.10347222222222222
3 0.638671875 0.6069444444444444 0.023828125 0.05486111111111111
3 0.454296875 0.5520833333333334 0.077734375 0.1423611111111111
3 0.222265625 0.9173611111111111 0.048046875 0.07708333333333334
1 0.759375 0.9930555555555556 0.061328125 0.011805555555555555