2 0.9015625 0.15416666666666667 0.009375 0.05486111111111111
3 0.623828125 0.0763888888888889 0.041015625 0.07708333333333334
3 0.409765625 0.1527777777777778 0.041796875 0.10208333333333333
3 0.7125 0.4125 0.030078125 0.05625
3 0.918359375 0.3402777777777778 0.0234375 0.06736111111111111
3 0.795703125 0.2965277777777778 0.022265625 0.10625
3 0.310546875 0.9423611111111111 0.042578125 0.10625
3 0.230078125 0.4076388888888889 0.050390625 0.11458333333333333
3 0.56796875 0.5743055555555555 0.033984375 0.041666666666666664
3 0.950390625 0.8111111111111111 0.0296875 0.05555555555555555
3 0.768359375 0.29791666666666666 0.020703125 0.10069444444444445
3 0.694921875 0.9159722222222222 0.038671875 0.07222222222222222
3 0.150390625 0.6375 0.089453125 0.15625
3 0.2 0.3798611111111111 0.057421875 0.12291666666666666
3 0.689453125 0.8 0.030078125 0.06111111111111111
3 0.530859375 0.4895833333333333 0.023046875 0.04791666666666667
3 0.023828125 0.5263888888888889 0.025390625 0.049305555555555554
3 0.742578125 0.7625 0.021875 0.05277777777777778
3 0.32734375 0.5854166666666667 0.134765625 0.24444444444444444
3 0.850390625 0.3138888888888889 0.022265625 0.052083333333333336
3 0.983984375 0.6791666666666667 0.030859375 0.10833333333333334
3 0.587890625 0.25069444444444444 0.041796875 0.04097222222222222
3 0.61953125 0.5965277777777778 0.0328125 0.08402777777777778
3 0.653515625 0.9881944444444445 0.020703125 0.021527777777777778
3 0.393359375 0.4909722222222222 0.067578125 0.1326388888888889
3 0.974609375 0.13125 0.048828125 0.11458333333333333
3 0.860546875 0.03333333333333333 0.022265625 0.05347222222222222
3 0.257421875 0.6798611111111111 0.029296875 0.08125
3 0.978125 0.8520833333333333 0.020703125 0.059027777777777776
3 0.559765625 0.6645833333333333 0.0171875 0.052083333333333336
3 0.37265625 0.5340277777777778 0.0453125 0.12013888888888889
3 0.084765625 0.6243055555555556 0.060546875 0.12291666666666666
3 0.513671875 0.6493055555555556 0.024609375 0.06319444444444444
3 0.88046875 0.16527777777777777 0.0109375 0.07708333333333334
3 0.796484375 0.26666666666666666 0.020703125 0.04652777777777778
3 0.357421875 0.20208333333333334 0.022265625 0.06180555555555556
3 0.38125 0.014583333333333334 0.042578125 0.02847222222222222
3 0.52421875 0.6118055555555556 0.031640625 0.06388888888888888
3 0.833984375 0.05625 0.023828125 0.03819444444444445
3 0.330859375 0.19236111111111112 0.022265625 0.05347222222222222
3 0.72890625 0.8465277777777778 0.0515625 0.10486111111111111
3 0.747265625 0.26458333333333334 0.019921875 0.075
3 0.335546875 0.2 0.064453125 0.07013888888888889
3 0.824609375 0.03333333333333333 0.0265625 0.06666666666666667
3 0.14921875 0.5111111111111111 0.030859375 0.06875
3 0.9796875 0.9277777777777778 0.038671875 0.12013888888888889
3 0.553515625 0.1076388888888889 0.019140625 0.03680555555555556
3 0.3078125 0.6534722222222222 0.045703125 0.09791666666666667
3 0.625390625 0.12152777777777778 0.0265625 0.022916666666666665
3 0.823046875 0.8430555555555556 0.024609375 0.058333333333333334
3 0.87109375 0.11597222222222223 0.009765625 0.03958333333333333
3 0.824609375 0.015277777777777777 0.0265625 0.030555555555555555
3 0.958984375 0.5479166666666667 0.020703125 0.09097222222222222
3 0.344921875 0.9659722222222222 0.0390625 0.06458333333333334
3 0.772265625 0.7979166666666667 0.014453125 0.03125
3 0.309375 0.53125 0.1 0.13333333333333333
3 0.506640625 0.5458333333333333 0.0203125 0.050694444444444445
3 0.8421875 0.04027777777777778 0.060546875 0.08055555555555556
3 0.01171875 0.44930555555555557 0.0234375 0.052083333333333336
3 0.771875 0.28888888888888886 0.069921875 0.12777777777777777
0 0.914453125 0.049305555555555554 0.012890625 0.02013888888888889
0 0.943359375 0.34652777777777777 0.015234375 0.02847222222222222
0 0.978125 0.23819444444444443 0.017578125 0.027777777777777776
1 0.20625 0.5534722222222223 0.087890625 0.0798611111111111
0 0.994140625 0.6118055555555556 0.01171875 0.02013888888888889
0 0.99453125 0.5909722222222222 0.010546875 0.016666666666666666
0 0.99140625 0.5736111111111111 0.0171875 0.022222222222222223
0 0.987109375 0.5479166666666667 0.025390625 0.021527777777777778
0 0.98515625 0.5243055555555556 0.0296875 0.01875
0 0.984765625 0.5090277777777777 0.030078125 0.021527777777777778
0 0.9734375 0.46944444444444444 0.03125 0.022916666666666665
0 0.97109375 0.4527777777777778 0.027734375 0.022222222222222223
0 0.969921875 0.4375 0.03046875 0.019444444444444445
0 0.95703125 0.42083333333333334 0.0296875 0.015277777777777777
0 0.9546875 0.40625 0.028125 0.020833333333333332
0 0.99375 0.4236111111111111 0.0125 0.03958333333333333
0 0.937109375 0.32013888888888886 0.01328125 0.02847222222222222
0 0.934375 0.2986111111111111 0.016796875 0.027777777777777776
0 0.95 0.2861111111111111 0.0125 0.022916666666666665
0 0.926953125 0.27847222222222223 0.015234375 0.025694444444444443
0 0.92265625 0.2548611111111111 0.01328125 0.021527777777777778
0 0.919921875 0.23402777777777778 0.015625 0.024305555555555556
0 0.99453125 0.2375 0.010546875 0.017361111111111112
0 0.9921875 0.21805555555555556 0.015625 0.016666666666666666
0 0.994140625 0.20416666666666666 0.01171875 0.017361111111111112