2 0.946484375 0.625 0.01328125 0.06944444444444445
2 0.806640625 0.9166666666666666 0.03359375 0.1638888888888889
2 0.338671875 0.9076388888888889 0.02578125 0.14305555555555555
2 0.31328125 0.9131944444444444 0.0328125 0.14583333333333334
2 0.8484375 0.6527777777777778 0.0140625 0.06944444444444445
2 0.93515625 0.9527777777777777 0.034375 0.09166666666666666
2 0.973828125 0.9451388888888889 0.04921875 0.10694444444444444
2 0.867578125 0.7152777777777778 0.01796875 0.09722222222222222
2 0.830859375 0.6548611111111111 0.01640625 0.07083333333333333
2 0.760546875 0.6902777777777778 0.01328125 0.08333333333333333
2 0.766015625 0.7347222222222223 0.01484375 0.09166666666666666
2 0.479296875 0.7194444444444444 0.01953125 0.07777777777777778
2 0.462109375 0.7215277777777778 0.02734375 0.07916666666666666
3 0.552734375 0.5034722222222222 0.03046875 0.07916666666666666
3 0.46796875 0.5069444444444444 0.034375 0.08333333333333333
3 0.880078125 0.475 0.03046875 0.10833333333333334
0 0.28828125 0.3784722222222222 0.046875 0.0375