2 0.366796875 0.8659722222222223 0.06640625 0.2652777777777778
2 0.81953125 0.8361111111111111 0.046875 0.21666666666666667
2 0.855078125 0.8395833333333333 0.08046875 0.2625
2 0.971875 0.8083333333333333 0.0546875 0.37222222222222223
2 0.190234375 0.8986111111111111 0.04921875 0.2
2 0.62109375 0.7715277777777778 0.028125 0.10138888888888889
2 0.023828125 0.9145833333333333 0.04765625 0.16805555555555557
2 0.06953125 0.9131944444444444 0.0484375 0.17083333333333334
2 0.69296875 0.7638888888888888 0.03125 0.11944444444444445
2 0.15546875 0.9027777777777778 0.0375 0.19166666666666668
2 0.11015625 0.9083333333333333 0.0453125 0.18055555555555555
2 0.544140625 0.7875 0.02890625 0.1
3 0.908984375 0.14583333333333334 0.18046875 0.2916666666666667
3 0.50234375 0.8055555555555556 0.1125 0.20555555555555555
3 0.68984375 0.7194444444444444 0.0640625 0.37777777777777777
3 0.438671875 0.7722222222222223 0.06484375 0.45