2 0.777734375 0.5104166666666666 0.01796875 0.0763888888888889
2 0.528515625 0.49722222222222223 0.01953125 0.06944444444444445
2 0.808203125 0.5083333333333333 0.02109375 0.08611111111111111
2 0.55703125 0.5361111111111111 0.0453125 0.225
2 0.578125 0.5243055555555556 0.0375 0.16805555555555557
1 0.226953125 0.5986111111111111 0.45234375 0.2777777777777778
1 0.0859375 0.6097222222222223 0.171875 0.25
1 0.7859375 0.5118055555555555 0.403125 0.24305555555555555
1 0.355078125 0.5069444444444444 0.19609375 0.09166666666666666
1 0.08671875 0.5548611111111111 0.0296875 0.1486111111111111
1 0.88203125 0.5034722222222222 0.0625 0.10416666666666667
3 0.569140625 0.26875 0.07109375 0.16805555555555557
3 0.801953125 0.325 0.08046875 0.09444444444444444
3 0.0890625 0.3138888888888889 0.178125 0.5277777777777778
3 0.498046875 0.33402777777777776 0.05546875 0.13472222222222222
3 0.409765625 0.3854166666666667 0.04765625 0.24027777777777778
3 0.640234375 0.5354166666666667 0.09765625 0.21805555555555556
3 0.378125 0.3541666666666667 0.0515625 0.24722222222222223
3 0.703125 0.38333333333333336 0.0421875 0.04722222222222222
3 0.4546875 0.32430555555555557 0.0453125 0.12916666666666668
3 0.98515625 0.34791666666666665 0.028125 0.0763888888888889
3 0.746484375 0.47291666666666665 0.06640625 0.09583333333333334
3 0.168359375 0.30694444444444446 0.05390625 0.20555555555555555
3 0.669921875 0.3784722222222222 0.03828125 0.05138888888888889
3 0.3140625 0.23333333333333334 0.078125 0.125
3 0.438671875 0.36944444444444446 0.05546875 0.08611111111111111
3 0.223828125 0.37083333333333335 0.11484375 0.7416666666666667
3 0.136328125 0.42291666666666666 0.04140625 0.07916666666666666
3 0.305859375 0.3972222222222222 0.08828125 0.225
3 0.6703125 0.41458333333333336 0.0390625 0.12361111111111112
3 0.9546875 0.7479166666666667 0.0890625 0.4986111111111111
3 0.314453125 0.3111111111111111 0.07890625 0.28055555555555556
3 0.5921875 0.41458333333333336 0.040625 0.07916666666666666
3 0.47734375 0.42083333333333334 0.0296875 0.11388888888888889
3 0.703515625 0.43125 0.04296875 0.14583333333333334
3 0.855859375 0.3611111111111111 0.03984375 0.027777777777777776
3 0.98515625 0.4111111111111111 0.028125 0.20277777777777778
3 0.7 0.4708333333333333 0.0265625 0.06944444444444445
3 0.477734375 0.38263888888888886 0.02890625 0.0375
3 0.854296875 0.3909722222222222 0.04296875 0.09027777777777778