2 0.05 0.9305555555555556 0.01875 0.06944444444444445
2 0.097265625 0.9270833333333334 0.01796875 0.07361111111111111
2 0.087109375 0.9256944444444445 0.01484375 0.06805555555555555
3 0.625 0.7423611111111111 0.1375 0.47638888888888886
3 0.18984375 0.6263888888888889 0.178125 0.5555555555555556
3 0.51953125 0.6229166666666667 0.0921875 0.30694444444444446
3 0.79453125 0.71875 0.1265625 0.5291666666666667
3 0.692578125 0.7006944444444444 0.11796875 0.5486111111111112
3 0.387109375 0.5159722222222223 0.24921875 0.5430555555555555
3 0.86171875 0.7513888888888889 0.14375 0.46111111111111114
3 0.021484375 0.9416666666666667 0.04296875 0.1111111111111111
3 0.744921875 0.9513888888888888 0.02578125 0.07777777777777778
3 0.28359375 0.6590277777777778 0.1078125 0.6375
3 0.282421875 0.9472222222222222 0.03359375 0.08333333333333333
3 0.722265625 0.8208333333333333 0.13515625 0.3111111111111111
3 0.55 0.7041666666666667 0.0609375 0.22777777777777777
3 0.97265625 0.6909722222222222 0.053125 0.5263888888888889
3 0.6734375 0.9402777777777778 0.0296875 0.058333333333333334
3 0.587109375 0.9298611111111111 0.02421875 0.059722222222222225
3 0.707421875 0.9465277777777777 0.02890625 0.07361111111111111
3 0.889453125 0.9527777777777777 0.03203125 0.06666666666666667
3 0.92734375 0.9576388888888889 0.0265625 0.07083333333333333
3 0.08515625 0.6083333333333333 0.1703125 0.7666666666666667
3 0.85234375 0.9486111111111111 0.025 0.05555555555555555
3 0.22265625 0.9444444444444444 0.0359375 0.09722222222222222