2 0.384765625 0.96875 0.00546875 0.020833333333333332
2 0.64296875 0.9472222222222222 0.0078125 0.03611111111111111
2 0.7390625 0.9569444444444445 0.00625 0.022222222222222223
2 0.73828125 0.9069444444444444 0.0046875 0.016666666666666666
3 0.540234375 0.8131944444444444 0.05078125 0.1486111111111111
3 0.673046875 0.7395833333333334 0.04296875 0.14583333333333334
3 0.442578125 0.5722222222222222 0.02890625 0.10277777777777777
3 0.426171875 0.9069444444444444 0.03046875 0.07777777777777778
3 0.419140625 0.5826388888888889 0.02578125 0.0875
3 0.496484375 0.8659722222222223 0.03671875 0.10694444444444444
3 0.38984375 0.8722222222222222 0.046875 0.15
3 0.7984375 0.6965277777777777 0.04375 0.0875
3 0.604296875 0.6243055555555556 0.02421875 0.24583333333333332
3 0.85546875 0.7888888888888889 0.0453125 0.10833333333333334
3 0.361328125 0.5930555555555556 0.02578125 0.08333333333333333
3 0.7328125 0.8013888888888889 0.03125 0.1361111111111111
3 0.444921875 0.6951388888888889 0.02578125 0.14305555555555555
3 0.182421875 0.65625 0.04609375 0.14027777777777778
3 0.32109375 0.5916666666666667 0.0234375 0.09166666666666666
3 0.56640625 0.5861111111111111 0.025 0.08888888888888889
3 0.736328125 0.5395833333333333 0.02734375 0.08472222222222223
3 0.851953125 0.7152777777777778 0.27265625 0.29444444444444445
3 0.644140625 0.5409722222222222 0.02421875 0.09305555555555556
3 0.193359375 0.9076388888888889 0.02578125 0.14583333333333334
3 0.34140625 0.5944444444444444 0.0265625 0.1
3 0.3015625 0.5944444444444444 0.025 0.08888888888888889
3 0.313671875 0.7756944444444445 0.06171875 0.16527777777777777
3 0.456640625 0.5013888888888889 0.02890625 0.06388888888888888
3 0.84375 0.6930555555555555 0.0359375 0.08333333333333333
3 0.055859375 0.8993055555555556 0.09921875 0.1986111111111111
3 0.071484375 0.7527777777777778 0.03828125 0.05277777777777778
3 0.34140625 0.8756944444444444 0.05 0.2013888888888889
3 0.8078125 0.7902777777777777 0.034375 0.125
3 0.086328125 0.6722222222222223 0.05234375 0.18611111111111112
3 0.755859375 0.5368055555555555 0.02265625 0.0875
3 0.6984375 0.5423611111111111 0.0234375 0.09027777777777778
3 0.66171875 0.5375 0.0234375 0.08333333333333333
3 0.571875 0.5819444444444445 0.015625 0.06666666666666667
3 0.192578125 0.9375 0.02109375 0.08611111111111111
3 0.059375 0.9590277777777778 0.0515625 0.07916666666666666
3 0.75859375 0.7979166666666667 0.040625 0.13194444444444445
3 0.87109375 0.7111111111111111 0.040625 0.08888888888888889
3 0.780859375 0.7909722222222222 0.03203125 0.13472222222222222
3 0.146875 0.5479166666666667 0.0171875 0.09027777777777778
3 0.83125 0.7875 0.0328125 0.11944444444444445
3 0.52421875 0.9111111111111111 0.0203125 0.044444444444444446
3 0.39765625 0.7965277777777777 0.0421875 0.07916666666666666
3 0.318359375 0.5958333333333333 0.11015625 0.10555555555555556
3 0.76015625 0.7118055555555556 0.040625 0.06527777777777778
3 0.716015625 0.5486111111111112 0.01953125 0.08333333333333333
3 0.974609375 0.7590277777777777 0.02578125 0.10138888888888889
3 0.89921875 0.76875 0.0328125 0.12361111111111112
3 0.605078125 0.5444444444444444 0.02265625 0.08611111111111111
3 0.338671875 0.7388888888888889 0.1859375 0.43472222222222223
3 0.69921875 0.5416666666666666 0.1359375 0.1111111111111111
0 0.96953125 0.9854166666666667 0.04375 0.02638888888888889
0 0.047265625 0.6340277777777777 0.01171875 0.020833333333333332
0 0.501171875 0.9416666666666667 0.03828125 0.044444444444444446
0 0.053515625 0.6020833333333333 0.01171875 0.015277777777777777
0 0.09375 0.47152777777777777 0.0078125 0.009722222222222222
0 0.122265625 0.7027777777777777 0.01015625 0.019444444444444445
0 0.030859375 0.7638888888888888 0.01640625 0.025
0 0.104296875 0.4965277777777778 0.00859375 0.009722222222222222
0 0.118359375 0.50625 0.00859375 0.009722222222222222
0 0.1203125 0.51875 0.0078125 0.009722222222222222
0 0.17578125 0.9020833333333333 0.0140625 0.03194444444444444
0 0.149609375 0.6430555555555556 0.01015625 0.019444444444444445
0 0.06875 0.5833333333333334 0.0109375 0.013888888888888888
0 0.14375 0.9229166666666667 0.0171875 0.034722222222222224
0 0.135546875 0.4652777777777778 0.00859375 0.008333333333333333
0 0.162890625 0.63125 0.01015625 0.015277777777777777
0 0.146484375 0.6041666666666666 0.00859375 0.013888888888888888
0 0.99140625 0.7548611111111111 0.0125 0.020833333333333332