2 0.6375 0.5784722222222223 0.0265625 0.11527777777777778
2 0.021484375 0.5694444444444444 0.04296875 0.10277777777777777
2 0.626953125 0.5618055555555556 0.01484375 0.08194444444444444
2 0.81875 0.5868055555555556 0.01875 0.04027777777777778
3 0.421875 0.6652777777777777 0.321875 0.5416666666666666
3 0.763671875 0.5034722222222222 0.26171875 0.3541666666666667
3 0.557421875 0.49583333333333335 0.08515625 0.18611111111111112
3 0.12109375 0.4527777777777778 0.2421875 0.4083333333333333
3 0.19375 0.6770833333333334 0.140625 0.2125
3 0.684765625 0.66875 0.08984375 0.12638888888888888
3 0.96171875 0.6284722222222222 0.075 0.2763888888888889