2 0.807421875 0.6055555555555555 0.01015625 0.041666666666666664
2 0.676171875 0.6125 0.01328125 0.041666666666666664
2 0.29375 0.6229166666666667 0.0140625 0.059722222222222225
2 0.3421875 0.6326388888888889 0.0171875 0.06805555555555555
2 0.516796875 0.65 0.02265625 0.041666666666666664
1 0.621484375 0.8708333333333333 0.03984375 0.24722222222222223
1 0.821875 0.9055555555555556 0.034375 0.17222222222222222
1 0.525 0.8722222222222222 0.946875 0.25
1 0.115234375 0.8861111111111111 0.04609375 0.21944444444444444
1 0.39609375 0.8965277777777778 0.046875 0.2013888888888889
3 0.6015625 0.4444444444444444 0.0859375 0.3416666666666667
3 0.197265625 0.7701388888888889 0.16953125 0.3958333333333333
3 0.88125 0.4548611111111111 0.0890625 0.3013888888888889
3 0.529296875 0.4388888888888889 0.09140625 0.3388888888888889
3 0.390234375 0.40902777777777777 0.10234375 0.39861111111111114
3 0.6859375 0.44583333333333336 0.0953125 0.31666666666666665
3 0.645703125 0.5055555555555555 0.08359375 0.21944444444444444
3 0.825 0.7597222222222222 0.059375 0.2361111111111111
3 0.4625 0.7027777777777777 0.1140625 0.4583333333333333
3 0.19921875 0.4583333333333333 0.3984375 0.9166666666666666
3 0.91640625 0.7895833333333333 0.1015625 0.16527777777777777
3 0.7890625 0.4527777777777778 0.090625 0.3194444444444444
3 0.98359375 0.3229166666666667 0.03125 0.09861111111111111
3 0.838671875 0.4888888888888889 0.07578125 0.25555555555555554
3 0.743359375 0.5159722222222223 0.09921875 0.20694444444444443
3 0.725 0.83125 0.0921875 0.1375
3 0.454296875 0.4534722222222222 0.09453125 0.24027777777777778
3 0.9234375 0.5458333333333333 0.0796875 0.13333333333333333
3 0.6859375 0.3645833333333333 0.0953125 0.15416666666666667
3 0.896875 0.47708333333333336 0.0390625 0.0625
3 0.931640625 0.40208333333333335 0.03203125 0.1486111111111111
3 0.721484375 0.5263888888888889 0.05703125 0.175