1 0.57578125 0.6840277777777778 0.81875 0.3013888888888889
1 0.966015625 0.5729166666666666 0.01328125 0.05694444444444444
1 0.62265625 0.6694444444444444 0.021875 0.07222222222222222
1 0.713671875 0.6513888888888889 0.01171875 0.058333333333333334
2 0.880859375 0.4756944444444444 0.00703125 0.034722222222222224
1 0.914453125 0.5736111111111111 0.01953125 0.08611111111111111
1 0.51875 0.7020833333333333 0.0265625 0.10138888888888889
1 0.3546875 0.7708333333333334 0.0234375 0.07222222222222222
1 0.308203125 0.7194444444444444 0.02578125 0.08611111111111111
1 0.287109375 0.6729166666666667 0.02265625 0.08194444444444444
1 0.240234375 0.6388888888888888 0.01953125 0.06111111111111111
1 0.308203125 0.7201388888888889 0.05703125 0.0875
3 0.299609375 0.32569444444444445 0.06953125 0.2652777777777778
3 0.720703125 0.2375 0.11796875 0.37222222222222223
3 0.8125 0.2388888888888889 0.1546875 0.4777777777777778
3 0.02890625 0.3298611111111111 0.0578125 0.4236111111111111
3 0.255859375 0.37916666666666665 0.07890625 0.26666666666666666
3 0.17421875 0.3375 0.0859375 0.2388888888888889
3 0.56328125 0.225 0.084375 0.10555555555555556
3 0.221875 0.37083333333333335 0.0359375 0.1638888888888889
3 0.518359375 0.22430555555555556 0.04609375 0.10138888888888889
3 0.3625 0.25763888888888886 0.0671875 0.07916666666666666
3 0.48203125 0.22916666666666666 0.059375 0.08611111111111111
3 0.058203125 0.5444444444444444 0.03828125 0.09444444444444444
3 0.509765625 0.22430555555555556 0.19140625 0.10694444444444444
3 0.443359375 0.23333333333333334 0.05859375 0.075
3 0.016796875 0.6715277777777777 0.03359375 0.10138888888888889
3 0.096484375 0.4909722222222222 0.03984375 0.1875
3 0.10234375 0.32569444444444445 0.1421875 0.4847222222222222
3 0.115625 0.4909722222222222 0.078125 0.19305555555555556
3 0.321484375 0.3715277777777778 0.02421875 0.13472222222222222
3 0.11875 0.4986111111111111 0.096875 0.9972222222222222