2 0.801171875 0.6284722222222222 0.01484375 0.0625
2 0.7171875 0.6243055555555556 0.0125 0.04861111111111111
1 0.7453125 0.6291666666666667 0.50625 0.35833333333333334
1 0.20234375 0.8381944444444445 0.403125 0.31527777777777777
1 0.745703125 0.7368055555555556 0.50546875 0.1375
1 0.137890625 0.7770833333333333 0.06171875 0.23472222222222222
3 0.463671875 0.3263888888888889 0.09609375 0.21944444444444444
3 0.2375 0.44930555555555557 0.071875 0.24305555555555555
3 0.740234375 0.4013888888888889 0.09140625 0.12222222222222222
3 0.3609375 0.41944444444444445 0.08125 0.18055555555555555
3 0.5375 0.5569444444444445 0.078125 0.19722222222222222
3 0.289453125 0.5131944444444444 0.09140625 0.2125
3 0.09140625 0.3527777777777778 0.115625 0.36944444444444446
3 0.927734375 0.4513888888888889 0.07109375 0.1361111111111111
3 0.86953125 0.5854166666666667 0.125 0.1625
3 0.24765625 0.5243055555555556 0.0390625 0.09861111111111111
3 0.590625 0.5409722222222222 0.0421875 0.16527777777777777
3 0.182421875 0.45 0.10078125 0.37777777777777777
3 0.391796875 0.4861111111111111 0.03671875 0.04722222222222222
3 0.1140625 0.4354166666666667 0.046875 0.2152777777777778
3 0.08359375 0.6479166666666667 0.1203125 0.23194444444444445
3 0.9640625 0.4840277777777778 0.0703125 0.2847222222222222
3 0.03671875 0.3645833333333333 0.0734375 0.5125
3 0.29921875 0.3729166666666667 0.06875 0.10416666666666667
3 0.59140625 0.4791666666666667 0.0390625 0.041666666666666664
3 0.790625 0.4263888888888889 0.0375 0.05555555555555555
3 0.778515625 0.5986111111111111 0.04140625 0.10833333333333334
3 0.74140625 0.49444444444444446 0.09375 0.30833333333333335
3 0.658984375 0.59375 0.06171875 0.1125
3 0.9640625 0.3958333333333333 0.0703125 0.10833333333333334
3 0.162109375 0.5270833333333333 0.08046875 0.22916666666666666