2 0.528125 0.66875 0.0671875 0.2875
2 0.925390625 0.5444444444444444 0.02265625 0.09166666666666666
2 0.71796875 0.5541666666666667 0.015625 0.09166666666666666
2 0.73203125 0.5555555555555556 0.0140625 0.06666666666666667
2 0.899609375 0.5194444444444445 0.01640625 0.04722222222222222
2 0.99453125 0.5229166666666667 0.009375 0.10972222222222222
1 0.396875 0.5805555555555556 0.2234375 0.24722222222222223
1 0.857421875 0.64375 0.28203125 0.12916666666666668
1 0.639453125 0.5784722222222223 0.71328125 0.2625
1 0.07890625 0.6576388888888889 0.15625 0.2625
3 0.2953125 0.3298611111111111 0.090625 0.2013888888888889
3 0.207421875 0.4284722222222222 0.07421875 0.1736111111111111
3 0.5578125 0.3840277777777778 0.075 0.1375
3 0.82421875 0.40208333333333335 0.0625 0.18472222222222223
3 0.954296875 0.34444444444444444 0.07265625 0.19444444444444445
3 0.077734375 0.4673611111111111 0.07578125 0.22916666666666666
3 0.144140625 0.42291666666666666 0.07109375 0.16527777777777777
3 0.565625 0.5368055555555555 0.08125 0.1486111111111111
3 0.9015625 0.3576388888888889 0.071875 0.18472222222222223
3 0.7546875 0.40069444444444446 0.0671875 0.21805555555555556
3 0.030859375 0.43680555555555556 0.06171875 0.26805555555555555
3 0.93515625 0.4027777777777778 0.0421875 0.08888888888888889
3 0.3484375 0.5180555555555556 0.078125 0.15
3 0.126171875 0.47708333333333336 0.07578125 0.10416666666666667
3 0.984375 0.2659722222222222 0.0296875 0.0875
3 0.18671875 0.4986111111111111 0.0375 0.05
3 0.60625 0.3972222222222222 0.0328125 0.027777777777777776
3 0.98359375 0.3145833333333333 0.03125 0.18472222222222223
3 0.697265625 0.4423611111111111 0.02890625 0.04027777777777778
3 0.41796875 0.45 0.0375 0.05
3 0.23359375 0.5034722222222222 0.025 0.034722222222222224
3 0.449609375 0.5145833333333333 0.04140625 0.17083333333333334
3 0.41875 0.5166666666666667 0.0390625 0.18333333333333332
3 0.72734375 0.42916666666666664 0.0546875 0.20555555555555555
3 0.450390625 0.4513888888888889 0.03984375 0.044444444444444446
3 0.108984375 0.5111111111111111 0.03828125 0.05
3 0.10859375 0.5388888888888889 0.040625 0.10555555555555556
3 0.9890625 0.37569444444444444 0.0203125 0.05694444444444444