3 0.311328125 0.3909722222222222 0.62109375 0.7819444444444444
3 0.55390625 0.5340277777777778 0.11875 0.4097222222222222
2 0.162109375 0.8576388888888888 0.08046875 0.28194444444444444
2 0.320703125 0.8159722222222222 0.06953125 0.30694444444444446
2 0.56796875 0.7333333333333333 0.034375 0.1388888888888889
2 0.848828125 0.6784722222222223 0.30078125 0.6402777777777777
2 0.036328125 0.8631944444444445 0.07265625 0.2708333333333333
2 0.06875 0.8152777777777778 0.0734375 0.2777777777777778
3 0.583984375 0.8694444444444445 0.51015625 0.25555555555555554
3 0.702734375 0.5236111111111111 0.18671875 0.43333333333333335
3 0.09921875 0.5736111111111111 0.1984375 0.49444444444444446
3 0.616796875 0.6916666666666667 0.05390625 0.10833333333333334
3 0.2390625 0.7104166666666667 0.103125 0.2013888888888889