3 0.214453125 0.28888888888888886 0.42890625 0.5777777777777777
2 0.837890625 0.46041666666666664 0.08828125 0.3763888888888889
2 0.503125 0.46041666666666664 0.0703125 0.39861111111111114
2 0.468359375 0.4215277777777778 0.03984375 0.26805555555555555
2 0.684375 0.4708333333333333 0.0625 0.34444444444444444
2 0.969140625 0.375 0.01328125 0.06111111111111111
2 0.637109375 0.4076388888888889 0.03359375 0.1597222222222222
2 0.317578125 0.34791666666666665 0.01796875 0.05416666666666667
2 0.60078125 0.3715277777777778 0.0171875 0.09027777777777778
2 0.771875 0.36666666666666664 0.0140625 0.05277777777777778
2 0.6703125 0.34652777777777777 0.0125 0.0375
3 0.93359375 0.6527777777777778 0.1296875 0.425
3 0.22734375 0.6923611111111111 0.453125 0.6097222222222223
3 0.332421875 0.3958333333333333 0.05390625 0.05555555555555555
3 0.2140625 0.4173611111111111 0.0671875 0.10138888888888889
3 0.92734375 0.25069444444444444 0.125 0.2986111111111111
3 0.662890625 0.18958333333333333 0.19296875 0.37916666666666665
3 0.57109375 0.2798611111111111 0.0859375 0.1875
3 0.518359375 0.16527777777777777 0.17109375 0.33055555555555555
3 0.77578125 0.19027777777777777 0.1375 0.38055555555555554
3 0.638671875 0.19166666666666668 0.41328125 0.38333333333333336
3 0.8234375 0.24513888888888888 0.0828125 0.22083333333333333
3 0.853125 0.25 0.1234375 0.25555555555555554