2 0.798046875 0.7868055555555555 0.01640625 0.07916666666666666
2 0.30703125 0.7958333333333333 0.0140625 0.05277777777777778
2 0.946484375 0.9090277777777778 0.10546875 0.17916666666666667
2 0.884765625 0.9256944444444445 0.12265625 0.14583333333333334
2 0.48046875 0.7805555555555556 0.015625 0.03888888888888889
2 0.110546875 0.80625 0.02109375 0.0763888888888889
2 0.44453125 0.7923611111111111 0.01875 0.04583333333333333
1 0.666015625 0.9125 0.66015625 0.16944444444444445
1 0.641015625 0.8236111111111111 0.32734375 0.3416666666666667
3 0.6703125 0.6006944444444444 0.09375 0.4097222222222222
3 0.843359375 0.5548611111111111 0.09453125 0.35138888888888886
3 0.157421875 0.49722222222222223 0.31484375 0.9944444444444445
3 0.87265625 0.5715277777777777 0.0609375 0.29583333333333334
3 0.93671875 0.5583333333333333 0.05625 0.18333333333333332
3 0.91015625 0.5340277777777778 0.071875 0.2125
3 0.7625 0.5402777777777777 0.1015625 0.39444444444444443
3 0.977734375 0.6298611111111111 0.04296875 0.24861111111111112
3 0.2015625 0.3388888888888889 0.2296875 0.6777777777777778
3 0.205859375 0.1326388888888889 0.22109375 0.2652777777777778
3 0.72890625 0.5631944444444444 0.0375 0.04027777777777778
3 0.0578125 0.4979166666666667 0.115625 0.9902777777777778
3 0.980078125 0.5673611111111111 0.03828125 0.12083333333333333
3 0.8546875 0.5472222222222223 0.2875 0.4083333333333333
0 0.903125 0.9291666666666667 0.1921875 0.08888888888888889