3 0.06328125 0.9111111111111111 0.106640625 0.17430555555555555
3 0.644140625 0.9243055555555556 0.093359375 0.14791666666666667
3 0.937109375 0.7520833333333333 0.1234375 0.23333333333333334
3 0.408984375 0.3909722222222222 0.141796875 0.24097222222222223
3 0.945703125 0.5479166666666667 0.10625 0.20069444444444445
3 0.476953125 0.19375 0.240234375 0.3659722222222222
3 0.646875 0.31319444444444444 0.065625 0.12777777777777777
3 0.5265625 0.5298611111111111 0.180078125 0.2722222222222222
3 0.082421875 0.5395833333333333 0.065234375 0.12986111111111112
3 0.80078125 0.45625 0.2234375 0.2722222222222222
3 0.516015625 0.9451388888888889 0.0546875 0.10555555555555556
3 0.6921875 0.7881944444444444 0.065625 0.21041666666666667
3 0.284375 0.6048611111111111 0.060546875 0.09375
3 0.76953125 0.8145833333333333 0.0328125 0.08263888888888889
3 0.3328125 0.4756944444444444 0.051953125 0.11736111111111111
3 0.97890625 0.1486111111111111 0.041015625 0.18055555555555555
3 0.4140625 0.8777777777777778 0.032421875 0.11875
3 0.151171875 0.6861111111111111 0.0265625 0.09791666666666667
3 0.174609375 0.9354166666666667 0.184375 0.125
3 0.3671875 0.9569444444444445 0.03125 0.07847222222222222
3 0.968359375 0.3402777777777778 0.0609375 0.16041666666666668
3 0.596484375 0.19652777777777777 0.043359375 0.14791666666666667
3 0.310546875 0.5347222222222222 0.1125 0.2361111111111111
3 0.967578125 0.23958333333333334 0.063671875 0.3638888888888889
3 0.69453125 0.7354166666666667 0.059765625 0.10486111111111111
3 0.481640625 0.33958333333333335 0.281640625 0.6534722222222222
3 0.551171875 0.5826388888888889 0.130859375 0.16597222222222222
3 0.494140625 0.4840277777777778 0.1140625 0.1951388888888889
3 0.734765625 0.5145833333333333 0.092578125 0.15