2 0.623828125 0.6416666666666667 0.01484375 0.041666666666666664
2 0.53125 0.6513888888888889 0.0125 0.044444444444444446
2 0.3015625 0.5534722222222223 0.0125 0.029166666666666667
2 0.843359375 0.6340277777777777 0.01484375 0.0375
2 0.569921875 0.6361111111111111 0.00859375 0.041666666666666664
2 0.418359375 0.6548611111111111 0.01015625 0.03194444444444444
1 0.785546875 0.7013888888888888 0.42578125 0.4888888888888889
3 0.079296875 0.40625 0.15859375 0.7263888888888889
3 0.982421875 0.24583333333333332 0.03359375 0.2777777777777778
3 0.2328125 0.37430555555555556 0.2078125 0.7486111111111111
3 0.359375 0.5131944444444444 0.11875 0.10416666666666667
3 0.1234375 0.0375 0.246875 0.075
0 0.23515625 0.6944444444444444 0.0265625 0.030555555555555555
0 0.735546875 0.6458333333333334 0.04921875 0.03888888888888889