3 0.41875 0.65 0.0546875 0.12777777777777777
2 0.468359375 0.7256944444444444 0.03515625 0.1597222222222222
2 0.173828125 0.7395833333333334 0.04453125 0.17916666666666667
2 0.2109375 0.69375 0.021875 0.11527777777777778
2 0.1 0.7972222222222223 0.05 0.2638888888888889
2 0.355078125 0.6763888888888889 0.01328125 0.08055555555555556
2 0.26953125 0.7041666666666667 0.021875 0.125
2 0.053125 0.8076388888888889 0.0578125 0.2847222222222222
2 0.30078125 0.7097222222222223 0.0390625 0.15
2 0.01875 0.8173611111111111 0.0375 0.3125
2 0.285546875 0.6979166666666666 0.01640625 0.12916666666666668
3 0.11171875 0.3333333333333333 0.2234375 0.6666666666666666
3 0.821875 0.36666666666666664 0.1375 0.7333333333333333
3 0.55546875 0.6513888888888889 0.0625 0.15555555555555556
3 0.741015625 0.6756944444444445 0.08203125 0.10416666666666667
3 0.821875 0.6701388888888888 0.0609375 0.11805555555555555
3 0.55546875 0.5993055555555555 0.0625 0.05138888888888889