2 0.971484375 0.9840277777777777 0.01171875 0.029166666666666667
2 0.953515625 0.9833333333333333 0.00859375 0.025
3 0.323828125 0.90625 0.05078125 0.11527777777777778
3 0.033203125 0.9513888888888888 0.04921875 0.09444444444444444
3 0.526953125 0.8430555555555556 0.04140625 0.19722222222222222
3 0.819140625 0.8 0.14921875 0.2638888888888889
3 0.804296875 0.5256944444444445 0.02421875 0.07916666666666666
3 0.928125 0.8111111111111111 0.096875 0.16111111111111112
3 0.398828125 0.9201388888888888 0.08828125 0.15416666666666667
3 0.6078125 0.8354166666666667 0.03125 0.12083333333333333
3 0.90625 0.5875 0.025 0.1111111111111111
3 0.973828125 0.6125 0.03046875 0.08333333333333333
3 0.122265625 0.5493055555555556 0.02578125 0.04583333333333333
3 0.565234375 0.8506944444444444 0.06484375 0.20416666666666666
3 0.88828125 0.5666666666666667 0.025 0.08055555555555556
3 0.33984375 0.8215277777777777 0.0203125 0.059722222222222225
3 0.93125 0.5888888888888889 0.021875 0.08333333333333333
3 0.5015625 0.5416666666666666 0.0203125 0.05277777777777778
3 0.771484375 0.5069444444444444 0.01484375 0.05277777777777778
3 0.44453125 0.9076388888888889 0.071875 0.1763888888888889
3 0.95 0.5979166666666667 0.0203125 0.08194444444444444
3 0.738671875 0.51875 0.02265625 0.0625
3 0.84140625 0.5180555555555556 0.03125 0.06388888888888888
3 0.7265625 0.7798611111111111 0.0421875 0.11805555555555555
3 0.7578125 0.5076388888888889 0.01875 0.04583333333333333
3 0.55625 0.6506944444444445 0.0140625 0.034722222222222224
3 0.458203125 0.8680555555555556 0.31953125 0.25277777777777777
3 0.869140625 0.5611111111111111 0.02109375 0.07222222222222222
3 0.48984375 0.8729166666666667 0.0421875 0.20416666666666666
3 0.990234375 0.6479166666666667 0.01796875 0.09305555555555556