2 0.3125 0.7180555555555556 0.0234375 0.11388888888888889
2 0.891015625 0.8493055555555555 0.08671875 0.2986111111111111
2 0.13828125 0.7215277777777778 0.0171875 0.07916666666666666
2 0.93828125 0.8333333333333334 0.0625 0.325
2 0.70390625 0.6895833333333333 0.015625 0.0375
3 0.1484375 0.4979166666666667 0.296875 0.9958333333333333
3 0.63359375 0.5277777777777778 0.11875 0.28888888888888886
3 0.5421875 0.5833333333333334 0.1125 0.225
3 0.5671875 0.41805555555555557 0.0640625 0.16111111111111112
3 0.898828125 0.6638888888888889 0.05078125 0.11944444444444445
3 0.710546875 0.5229166666666667 0.05390625 0.15416666666666667
3 0.7953125 0.6458333333333334 0.0515625 0.13055555555555556
3 0.797265625 0.7784722222222222 0.13359375 0.1625
3 0.801171875 0.6034722222222222 0.09921875 0.2152777777777778
3 0.101953125 0.8652777777777778 0.04765625 0.12777777777777777
3 0.615625 0.7451388888888889 0.046875 0.10416666666666667
3 0.6921875 0.7583333333333333 0.0671875 0.1388888888888889
3 0.8296875 0.5923611111111111 0.0390625 0.07916666666666666
3 0.840625 0.66875 0.0453125 0.08472222222222223
3 0.7859375 0.5423611111111111 0.0671875 0.09305555555555556
0 0.541796875 0.6701388888888888 0.07421875 0.05416666666666667
0 0.701953125 0.6694444444444444 0.07578125 0.05
0 0.86171875 0.6236111111111111 0.040625 0.03888888888888889