2 0.27578125 0.66875 0.11875 0.4875
2 0.928125 0.6972222222222222 0.1421875 0.6027777777777777
2 0.370703125 0.6847222222222222 0.10546875 0.44166666666666665
2 0.649609375 0.6131944444444445 0.03828125 0.2152777777777778
2 0.613671875 0.6138888888888889 0.04921875 0.19722222222222222
2 0.420703125 0.6083333333333333 0.03984375 0.20555555555555555
3 0.04921875 0.3645833333333333 0.0984375 0.16805555555555557
3 0.68828125 0.5472222222222223 0.0859375 0.1527777777777778
3 0.03359375 0.7145833333333333 0.0578125 0.14305555555555555
3 0.662890625 0.5118055555555555 0.03359375 0.07916666666666666
3 0.04921875 0.5319444444444444 0.0984375 0.5083333333333333