2 0.925390625 0.6805555555555556 0.05390625 0.18333333333333332
2 0.111328125 0.47291666666666665 0.01328125 0.0625
2 0.44609375 0.4736111111111111 0.0140625 0.08333333333333333
2 0.8734375 0.6763888888888889 0.0421875 0.16944444444444445
2 0.844140625 0.7534722222222222 0.05703125 0.12083333333333333
2 0.6609375 0.7013888888888888 0.0328125 0.15555555555555556
2 0.16328125 0.47708333333333336 0.021875 0.07083333333333333
2 0.919921875 0.41041666666666665 0.01484375 0.059722222222222225
2 0.658203125 0.45902777777777776 0.01640625 0.07083333333333333
2 0.5609375 0.33819444444444446 0.00625 0.029166666666666667
2 0.17421875 0.46875 0.01875 0.06805555555555555
2 0.55390625 0.45416666666666666 0.0171875 0.06388888888888888
2 0.69765625 0.4534722222222222 0.0109375 0.07361111111111111
2 0.501953125 0.5138888888888888 0.02578125 0.09722222222222222
2 0.687890625 0.46041666666666664 0.01328125 0.07361111111111111
2 0.714453125 0.4951388888888889 0.01640625 0.10694444444444444
2 0.75625 0.5097222222222222 0.0234375 0.11388888888888889
2 0.64375 0.4597222222222222 0.0171875 0.06666666666666667
2 0.217578125 0.3611111111111111 0.00546875 0.022222222222222223
2 0.773046875 0.48125 0.01640625 0.09027777777777778
2 0.67890625 0.6847222222222222 0.021875 0.1527777777777778
3 0.221875 0.41388888888888886 0.0296875 0.06388888888888888
3 0.8015625 0.28402777777777777 0.1484375 0.29305555555555557
3 0.104296875 0.27152777777777776 0.03515625 0.07916666666666666
3 0.36953125 0.2638888888888889 0.0296875 0.08333333333333333
3 0.187890625 0.2638888888888889 0.03359375 0.09444444444444444
3 0.340625 0.26319444444444445 0.0265625 0.0875
3 0.27421875 0.21597222222222223 0.03125 0.09583333333333334
3 0.459765625 0.2673611111111111 0.02265625 0.06805555555555555
3 0.404296875 0.26666666666666666 0.02265625 0.07777777777777778
3 0.64453125 0.25763888888888886 0.0375 0.15694444444444444
3 0.243359375 0.24166666666666667 0.03515625 0.08055555555555556
3 0.42890625 0.26666666666666666 0.0234375 0.07222222222222222
3 0.60859375 0.25763888888888886 0.0375 0.14027777777777778
3 0.986328125 0.22152777777777777 0.02578125 0.06527777777777778
3 0.685546875 0.2361111111111111 0.03671875 0.11666666666666667
3 0.15390625 0.27361111111111114 0.0296875 0.08333333333333333
3 0.489453125 0.2638888888888889 0.02109375 0.07222222222222222
3 0.58203125 0.2611111111111111 0.0421875 0.13333333333333333
3 0.309765625 0.2569444444444444 0.02734375 0.05
3 0.74296875 0.22569444444444445 0.0359375 0.07083333333333333
3 0.504296875 0.2590277777777778 0.02109375 0.07916666666666666
3 0.50078125 0.2590277777777778 0.04375 0.08194444444444444
3 0.555078125 0.41875 0.02109375 0.04027777777777778
3 0.54765625 0.2513888888888889 0.0328125 0.16111111111111112
3 0.579296875 0.1736111111111111 0.02890625 0.06388888888888888
3 0.515234375 0.26180555555555557 0.01640625 0.07361111111111111
3 0.7046875 0.26180555555555557 0.0296875 0.10972222222222222
3 0.59765625 0.2375 0.1328125 0.19166666666666668