2 0.309765625 0.8173611111111111 0.04296875 0.13472222222222222
2 0.43515625 0.6833333333333333 0.0140625 0.05277777777777778
2 0.282421875 0.8194444444444444 0.03515625 0.1388888888888889
2 0.420703125 0.6875 0.01640625 0.04722222222222222
3 0.591015625 0.4166666666666667 0.13359375 0.4888888888888889
3 0.137109375 0.4979166666666667 0.12109375 0.5125
3 0.06796875 0.5479166666666667 0.1359375 0.4597222222222222
3 0.50625 0.43194444444444446 0.090625 0.4722222222222222
3 0.909375 0.4986111111111111 0.1796875 0.9972222222222222
3 0.67109375 0.5708333333333333 0.0546875 0.18611111111111112
3 0.43671875 0.4576388888888889 0.0953125 0.45694444444444443
3 0.23515625 0.5055555555555555 0.1125 0.44166666666666665
3 0.298828125 0.525 0.10703125 0.3638888888888889
3 0.353515625 0.4847222222222222 0.07578125 0.4166666666666667
3 0.72890625 0.5805555555555556 0.0421875 0.15555555555555556
3 0.4015625 0.48125 0.075 0.40694444444444444
3 0.11640625 0.7326388888888888 0.0265625 0.0625
3 0.151171875 0.7236111111111111 0.02421875 0.06388888888888888
3 0.187890625 0.7194444444444444 0.02265625 0.06388888888888888
3 0.017578125 0.7625 0.03046875 0.07777777777777778
3 0.015234375 0.5395833333333333 0.03046875 0.2763888888888889
3 0.009765625 0.5923611111111111 0.01796875 0.13194444444444445
3 0.281640625 0.6895833333333333 0.02265625 0.05138888888888889
3 0.3359375 0.68125 0.01875 0.05416666666666667
3 0.308984375 0.6847222222222222 0.02109375 0.04722222222222222
3 0.251953125 0.7013888888888888 0.02421875 0.058333333333333334
3 0.210546875 0.5666666666666667 0.07734375 0.14722222222222223