3 0.87109375 0.4048611111111111 0.2546875 0.8097222222222222
2 0.034375 0.7138888888888889 0.06875 0.4527777777777778
2 0.346484375 0.5645833333333333 0.03203125 0.09861111111111111
2 0.84296875 0.5131944444444444 0.028125 0.05694444444444444
2 0.156640625 0.5680555555555555 0.03046875 0.1388888888888889
2 0.219921875 0.5777777777777777 0.03359375 0.10833333333333334
2 0.723828125 0.5229166666666667 0.01171875 0.06805555555555555
2 0.690234375 0.5395833333333333 0.01796875 0.04861111111111111
2 0.6375 0.5423611111111111 0.0171875 0.07361111111111111
2 0.751171875 0.5166666666666667 0.02109375 0.06944444444444445
2 0.180078125 0.5826388888888889 0.03203125 0.11805555555555555
2 0.657421875 0.5333333333333333 0.02734375 0.07222222222222222
2 0.812890625 0.5166666666666667 0.01796875 0.058333333333333334
2 0.57734375 0.5319444444444444 0.021875 0.09722222222222222
3 0.337109375 0.8152777777777778 0.51328125 0.3638888888888889
3 0.46953125 0.40625 0.175 0.3458333333333333
3 0.91953125 0.5375 0.159375 0.5472222222222223
3 0.3984375 0.5402777777777777 0.046875 0.08611111111111111
3 0.851953125 0.23333333333333334 0.21484375 0.4666666666666667
3 0.191796875 0.3090277777777778 0.38203125 0.6180555555555556
3 0.341015625 0.4111111111111111 0.11171875 0.3638888888888889
3 0.55546875 0.4930555555555556 0.0421875 0.06388888888888888
3 0.3359375 0.5354166666666667 0.084375 0.1375