3 0.113671875 0.39375 0.22734375 0.7875
2 0.1140625 0.7888888888888889 0.0484375 0.19166666666666668
2 0.859375 0.8201388888888889 0.0578125 0.22083333333333333
2 0.405859375 0.7611111111111111 0.02890625 0.13055555555555556
2 0.173046875 0.7819444444444444 0.03984375 0.15555555555555556
2 0.2109375 0.7847222222222222 0.034375 0.14722222222222223
2 0.353125 0.85625 0.06875 0.25972222222222224
2 0.3125 0.8638888888888889 0.0734375 0.26944444444444443
2 0.27578125 0.7506944444444444 0.021875 0.10138888888888889
2 0.3625 0.7118055555555556 0.0171875 0.0375
2 0.282421875 0.85625 0.06484375 0.2847222222222222
3 0.8296875 0.38819444444444445 0.2046875 0.7763888888888889
3 0.7484375 0.7201388888888889 0.08125 0.10694444444444444
3 0.4234375 0.6979166666666666 0.0578125 0.11805555555555555
3 0.56171875 0.6868055555555556 0.0640625 0.13194444444444445
3 0.561328125 0.6486111111111111 0.06328125 0.05555555555555555
3 0.834375 0.7069444444444445 0.0671875 0.12777777777777777