2 0.0640625 0.5833333333333334 0.04375 0.2722222222222222
2 0.334765625 0.6083333333333333 0.07890625 0.33055555555555555
2 0.093359375 0.5465277777777777 0.02109375 0.14583333333333334
2 0.186328125 0.5506944444444445 0.01796875 0.12361111111111112
3 0.799609375 0.8340277777777778 0.39765625 0.3263888888888889
3 0.87734375 0.5125 0.1734375 0.32222222222222224
3 0.656640625 0.5333333333333333 0.14296875 0.3527777777777778
3 0.6921875 0.6020833333333333 0.071875 0.1736111111111111
3 0.62578125 0.4479166666666667 0.08125 0.1763888888888889
3 0.896875 0.4041666666666667 0.0953125 0.1111111111111111
3 0.659375 0.0875 0.2640625 0.175