2 0.587890625 0.9215277777777777 0.014453125 0.059027777777777776
2 0.2328125 0.8368055555555556 0.010546875 0.04513888888888889
2 0.56875 0.9076388888888889 0.010546875 0.050694444444444445
2 0.578125 0.9069444444444444 0.010546875 0.05277777777777778
2 0.81640625 0.8520833333333333 0.006640625 0.03263888888888889
2 0.585546875 0.8173611111111111 0.008203125 0.04236111111111111
2 0.59375 0.81875 0.008203125 0.03888888888888889
1 0.344921875 0.9048611111111111 0.0359375 0.08333333333333333
1 0.344921875 0.9159722222222222 0.20625 0.16458333333333333
1 0.742578125 0.9784722222222222 0.0625 0.03958333333333333
1 0.342578125 0.9166666666666666 0.053125 0.16319444444444445
3 0.060546875 0.8534722222222222 0.101171875 0.28888888888888886
3 0.159765625 0.6534722222222222 0.098046875 0.35625
3 0.50546875 0.9229166666666667 0.115234375 0.15
3 0.493359375 0.53125 0.146484375 0.18680555555555556
3 0.51796875 0.8194444444444444 0.053515625 0.07430555555555556
3 0.488671875 0.6590277777777778 0.0484375 0.07152777777777777
3 0.655078125 0.8138888888888889 0.05625 0.08541666666666667
3 0.251171875 0.6229166666666667 0.101171875 0.41041666666666665
3 0.668359375 0.9368055555555556 0.098046875 0.12291666666666666
3 0.737890625 0.65 0.082421875 0.33541666666666664
3 0.785546875 0.7145833333333333 0.075390625 0.30833333333333335
3 0.291796875 0.8076388888888889 0.028515625 0.06875
3 0.38984375 0.5618055555555556 0.0671875 0.12291666666666666
3 0.022265625 0.76875 0.04453125 0.1597222222222222
3 0.454296875 0.55625 0.075390625 0.1388888888888889
3 0.540234375 0.6722222222222223 0.0421875 0.05
3 0.369921875 0.6006944444444444 0.033203125 0.049305555555555554
3 0.370703125 0.8618055555555556 0.049609375 0.14375
3 0.73984375 0.8986111111111111 0.102734375 0.13958333333333334
3 0.36953125 0.8256944444444444 0.047265625 0.07222222222222222
3 0.200390625 0.8402777777777778 0.051953125 0.08055555555555556
3 0.432421875 0.9048611111111111 0.041015625 0.07013888888888889
3 0.8453125 0.8743055555555556 0.058203125 0.125
3 0.30234375 0.5152777777777777 0.0734375 0.18611111111111112
3 0.393359375 0.8875 0.070703125 0.09930555555555555
3 0.986328125 0.7625 0.026171875 0.10486111111111111
3 0.941015625 0.5034722222222222 0.115625 0.18680555555555556
3 0.237890625 0.8090277777777778 0.0296875 0.04375
3 0.237109375 0.89375 0.0453125 0.06944444444444445
3 0.870703125 0.8805555555555555 0.108203125 0.14652777777777778
3 0.633203125 0.6090277777777777 0.022265625 0.05347222222222222
3 0.765234375 0.8354166666666667 0.034765625 0.07013888888888889
3 0.941015625 0.6534722222222222 0.115625 0.4840277777777778
3 0.15078125 0.8979166666666667 0.0765625 0.11875