2 0.307421875 0.5895833333333333 0.01015625 0.05694444444444444
2 0.262109375 0.5854166666666667 0.01171875 0.034722222222222224
2 0.383984375 0.6208333333333333 0.01171875 0.044444444444444446
2 0.004296875 0.60625 0.00859375 0.043055555555555555
1 0.339453125 0.8625 0.04140625 0.24166666666666667
1 0.5 0.8243055555555555 0.996875 0.34305555555555556
1 0.18671875 0.7715277777777778 0.025 0.15416666666666667
1 0.08515625 0.7361111111111112 0.0171875 0.12222222222222222
1 0.125 0.7798611111111111 0.0296875 0.12361111111111112
1 0.011328125 0.7055555555555556 0.02109375 0.10277777777777777
1 0.32421875 0.6944444444444444 0.64375 0.6027777777777777
1 0.02734375 0.7298611111111111 0.015625 0.0875
1 0.2515625 0.8333333333333334 0.0234375 0.16111111111111112
1 0.181640625 0.8256944444444444 0.36171875 0.3236111111111111
3 0.157421875 0.4166666666666667 0.31328125 0.5722222222222222
3 0.848046875 0.41597222222222224 0.29296875 0.3875
3 0.849609375 0.5986111111111111 0.17265625 0.3138888888888889
3 0.5796875 0.46111111111111114 0.0328125 0.08611111111111111
3 0.65234375 0.47708333333333336 0.0296875 0.05694444444444444
3 0.619921875 0.48055555555555557 0.02734375 0.044444444444444446
3 0.51015625 0.5638888888888889 0.0625 0.1388888888888889
3 0.389453125 0.44166666666666665 0.15546875 0.3416666666666667
3 0.96328125 0.2652777777777778 0.071875 0.4583333333333333
3 0.6765625 0.4875 0.0328125 0.03333333333333333
3 0.653515625 0.6902777777777778 0.03671875 0.05277777777777778