2 0.6734375 0.9256944444444445 0.008203125 0.04513888888888889
3 0.207421875 0.41180555555555554 0.044140625 0.1451388888888889
3 0.668359375 0.3194444444444444 0.042578125 0.13125
3 0.09921875 0.13819444444444445 0.033984375 0.06875
3 0.176171875 0.8701388888888889 0.068359375 0.125
3 0.265625 0.3125 0.039453125 0.08402777777777778
3 0.614453125 0.5104166666666666 0.048046875 0.09791666666666667
3 0.40625 0.10694444444444444 0.03125 0.06180555555555556
3 0.187890625 0.53125 0.044140625 0.08958333333333333
3 0.351953125 0.9270833333333334 0.062109375 0.1423611111111111
3 0.247265625 0.89375 0.059375 0.125
3 0.412890625 0.4847222222222222 0.030859375 0.049305555555555554
3 0.457421875 0.33125 0.022265625 0.06319444444444444
3 0.150390625 0.5645833333333333 0.0546875 0.1388888888888889
3 0.493359375 0.9375 0.057421875 0.12152777777777778
3 0.076171875 0.06458333333333334 0.069140625 0.11458333333333333
3 0.439453125 0.9284722222222223 0.057421875 0.1388888888888889
3 0.11015625 0.8770833333333333 0.062109375 0.16319444444444445
3 0.303515625 0.9180555555555555 0.062109375 0.16041666666666668
3 0.630078125 0.18680555555555556 0.031640625 0.10625
3 0.156640625 0.1423611111111111 0.029296875 0.06388888888888888
3 0.65234375 0.9125 0.033984375 0.06944444444444445
3 0.155859375 0.4395833333333333 0.036328125 0.05555555555555555
3 0.498046875 0.1986111111111111 0.03125 0.09166666666666666
3 0.537890625 0.3423611111111111 0.025390625 0.07847222222222222
3 0.9734375 0.08958333333333333 0.042578125 0.08680555555555555
3 0.315625 0.46041666666666664 0.025 0.04652777777777778
3 0.606640625 0.1736111111111111 0.028125 0.11736111111111111
3 0.029296875 0.8159722222222222 0.05859375 0.15416666666666667
3 0.584375 0.74375 0.063671875 0.11388888888888889
3 0.400390625 0.1951388888888889 0.040625 0.11041666666666666
3 0.43359375 0.18472222222222223 0.0328125 0.11944444444444445
3 0.6125 0.04722222222222222 0.036328125 0.06875
3 0.069921875 0.28680555555555554 0.050390625 0.07013888888888889
3 0.239453125 0.33611111111111114 0.026953125 0.059027777777777776
3 0.298828125 0.22847222222222222 0.043359375 0.10555555555555556
3 0.4765625 0.17708333333333334 0.03125 0.11875
3 0.898828125 0.9763888888888889 0.0453125 0.04375
3 0.57109375 0.03680555555555556 0.0421875 0.06944444444444445
3 0.308984375 0.11736111111111111 0.021875 0.04236111111111111
3 0.35703125 0.19652777777777777 0.037109375 0.11736111111111111
3 0.0671875 0.9451388888888889 0.055078125 0.09375
3 0.273828125 0.6020833333333333 0.0234375 0.03819444444444445
3 0.10625 0.28055555555555556 0.11875 0.19236111111111112
3 0.880078125 0.19236111111111112 0.0296875 0.0798611111111111
3 0.962890625 0.6256944444444444 0.0328125 0.049305555555555554
3 0.669140625 0.19652777777777777 0.036328125 0.12777777777777777
3 0.337109375 0.42569444444444443 0.0296875 0.041666666666666664
3 0.049609375 0.8798611111111111 0.057421875 0.09444444444444444
3 0.519140625 0.5083333333333333 0.019921875 0.044444444444444446
3 0.457421875 0.1798611111111111 0.027734375 0.11736111111111111
3 0.39609375 0.9513888888888888 0.0484375 0.09375
3 0.7 0.9770833333333333 0.023046875 0.041666666666666664
3 0.562109375 0.16597222222222222 0.032421875 0.08888888888888889
3 0.54921875 0.5138888888888888 0.024609375 0.044444444444444446
3 0.080859375 0.34375 0.046484375 0.06388888888888888
3 0.297265625 0.5354166666666667 0.029296875 0.04513888888888889
3 0.59140625 0.6673611111111111 0.0578125 0.08541666666666667
3 0.669140625 0.23125 0.035546875 0.06041666666666667
3 0.557421875 0.9270833333333334 0.069921875 0.13958333333333334
3 0.5703125 0.8430555555555556 0.061328125 0.10625
3 0.941015625 0.9673611111111111 0.040625 0.06180555555555556
3 0.012890625 0.22847222222222222 0.025390625 0.06319444444444444
3 0.323828125 0.21597222222222223 0.020703125 0.09513888888888888
3 0.886328125 0.024305555555555556 0.029296875 0.04791666666666667
3 0.494921875 0.34375 0.025390625 0.05486111111111111
3 0.585546875 0.18125 0.033984375 0.10486111111111111
3 0.33828125 0.4479166666666667 0.031640625 0.08611111111111111
3 0.601171875 0.5840277777777778 0.065234375 0.09513888888888888
3 0.357421875 0.11666666666666667 0.019921875 0.04791666666666667
3 0.420703125 0.6256944444444444 0.027734375 0.06736111111111111
3 0.637109375 0.7576388888888889 0.050390625 0.13541666666666666
3 0.140234375 0.2388888888888889 0.047265625 0.1076388888888889
3 0.983203125 0.41805555555555557 0.032421875 0.1451388888888889
3 0.253125 0.15208333333333332 0.014453125 0.029861111111111113
3 0.1234375 0.05486111111111111 0.023828125 0.07430555555555556
3 0.120703125 0.6097222222222223 0.060546875 0.09930555555555555
3 0.14921875 0.07430555555555556 0.030859375 0.05555555555555555
3 0.362890625 0.375 0.0234375 0.12013888888888889
3 0.164453125 0.04513888888888889 0.046484375 0.08611111111111111
3 0.0953125 0.69375 0.061328125 0.13958333333333334
3 0.508203125 0.17152777777777778 0.357421875 0.1701388888888889
3 0.591796875 0.7284722222222222 0.1390625 0.5381944444444444
3 0.107421875 0.7013888888888888 0.213671875 0.5826388888888889
3 0.905078125 0.31666666666666665 0.065625 0.1388888888888889
3 0.423828125 0.3215277777777778 0.021875 0.06736111111111111
0 0.191796875 0.1361111111111111 0.019140625 0.014583333333333334
0 0.14453125 0.33541666666666664 0.018359375 0.02847222222222222
0 0.30859375 0.16527777777777777 0.022265625 0.022916666666666665
0 0.044140625 0.21388888888888888 0.023828125 0.014583333333333334
0 0.03046875 0.4840277777777778 0.022265625 0.030555555555555555
0 0.23828125 0.12361111111111112 0.021484375 0.017361111111111112
0 0.862109375 0.06180555555555556 0.0171875 0.01597222222222222
0 0.903125 0.059027777777777776 0.01875 0.01597222222222222
0 0.633203125 0.08263888888888889 0.015234375 0.014583333333333334
0 0.370703125 0.11736111111111111 0.019140625 0.01597222222222222
0 0.2640625 0.13055555555555556 0.021875 0.02013888888888889
0 0.021484375 0.19930555555555557 0.0125 0.013194444444444444
0 0.08671875 0.2076388888888889 0.021484375 0.014583333333333334
0 0.18046875 0.19791666666666666 0.025390625 0.022222222222222223
0 0.875 0.10069444444444445 0.017578125 0.014583333333333334
0 0.0859375 0.39652777777777776 0.021875 0.027777777777777776
0 0.79453125 0.07430555555555556 0.021484375 0.01875
0 0.880859375 0.06944444444444445 0.018359375 0.014583333333333334
0 0.140234375 0.1423611111111111 0.013671875 0.017361111111111112
0 0.173828125 0.33125 0.027734375 0.049305555555555554
0 0.414453125 0.14097222222222222 0.0125 0.01875
0 0.066796875 0.16041666666666668 0.018359375 0.013194444444444444
0 0.076171875 0.19652777777777777 0.022265625 0.016666666666666666
0 0.9375 0.06458333333333334 0.013671875 0.013888888888888888
0 0.102734375 0.075 0.016015625 0.014583333333333334
0 0.95078125 0.0875 0.012890625 0.01597222222222222
0 0.650390625 0.12569444444444444 0.008984375 0.016666666666666666
0 0.543359375 0.03194444444444444 0.0125 0.022916666666666665
0 0.241796875 0.19375 0.018359375 0.014583333333333334
0 0.51328125 0.10416666666666667 0.019140625 0.017361111111111112
0 0.2859375 0.003472222222222222 0.01875 0.006944444444444444
0 0.6984375 0.09236111111111112 0.0125 0.025
0 0.17265625 0.18958333333333333 0.019140625 0.01875
0 0.033984375 0.45069444444444445 0.014453125 0.027083333333333334
0 0.375390625 0.09375 0.022265625 0.01597222222222222
0 0.164453125 0.2673611111111111 0.012109375 0.022916666666666665
0 0.178515625 0.32083333333333336 0.0171875 0.02847222222222222
0 0.16875 0.15347222222222223 0.015625 0.016666666666666666
0 0.991796875 0.22847222222222222 0.015625 0.025
0 0.105859375 0.36180555555555555 0.025 0.03819444444444445
0 0.00859375 0.5270833333333333 0.0171875 0.030555555555555555
1 0.41484375 0.6291666666666667 0.082421875 0.04861111111111111
1 0.42890625 0.5493055555555556 0.069921875 0.06875
1 0.550390625 0.43680555555555556 0.06484375 0.05277777777777778
1 0.44609375 0.4444444444444444 0.05390625 0.04027777777777778