2 0.81796875 0.9194444444444444 0.0046875 0.019444444444444445
2 0.7375 0.9402777777777778 0.0046875 0.022222222222222223
3 0.35625 0.8583333333333333 0.0390625 0.08055555555555556
3 0.14296875 0.9104166666666667 0.03125 0.11805555555555555
3 0.511328125 0.8159722222222222 0.03515625 0.15694444444444444
3 0.7359375 0.7680555555555556 0.11875 0.18888888888888888
3 0.481640625 0.8263888888888888 0.03203125 0.12777777777777777
3 0.94453125 0.6951388888888889 0.0921875 0.22916666666666666
3 0.827734375 0.7840277777777778 0.06953125 0.12638888888888888
3 0.4953125 0.56875 0.0171875 0.06805555555555555
3 0.901171875 0.7604166666666666 0.03515625 0.12638888888888888
3 0.76796875 0.5402777777777777 0.01875 0.07222222222222222
3 0.02578125 0.8458333333333333 0.040625 0.06388888888888888
3 0.794140625 0.5506944444444445 0.02734375 0.09305555555555556
3 0.780859375 0.9722222222222222 0.08671875 0.05277777777777778
3 0.379296875 0.5520833333333334 0.03359375 0.07083333333333333
3 0.81484375 0.5715277777777777 0.025 0.059722222222222225
3 0.834765625 0.5833333333333334 0.01953125 0.08611111111111111
3 0.767578125 0.5291666666666667 0.03046875 0.09166666666666666
3 0.663671875 0.7638888888888888 0.03203125 0.09722222222222222
3 0.90390625 0.6152777777777778 0.0203125 0.05555555555555555
3 0.3921875 0.8631944444444445 0.028125 0.0763888888888889
3 0.446484375 0.8604166666666667 0.05390625 0.13472222222222222
3 0.93984375 0.9756944444444444 0.0703125 0.04583333333333333
3 0.87421875 0.7951388888888888 0.028125 0.07083333333333333
3 0.711328125 0.5340277777777778 0.02265625 0.05694444444444444
3 0.8078125 0.7909722222222222 0.034375 0.1125
3 0.5734375 0.80625 0.021875 0.07361111111111111
3 0.883203125 0.6076388888888888 0.01640625 0.07361111111111111
3 0.73203125 0.5236111111111111 0.0203125 0.044444444444444446
3 0.704296875 0.7652777777777777 0.05234375 0.18055555555555555
3 0.848828125 0.5895833333333333 0.01640625 0.07916666666666666
3 0.54453125 0.8131944444444444 0.0421875 0.14305555555555555
3 0.458984375 0.8319444444444445 0.24453125 0.19444444444444445
3 0.53515625 0.8201388888888889 0.084375 0.16805555555555557
0 0.63515625 0.9881944444444445 0.0359375 0.020833333333333332
0 0.93125 0.9270833333333334 0.028125 0.029166666666666667
0 0.886328125 0.9222222222222223 0.02890625 0.025
0 0.733203125 0.9791666666666666 0.01953125 0.03888888888888889
0 0.830078125 0.9875 0.01484375 0.022222222222222223
0 0.8734375 0.9597222222222223 0.0375 0.041666666666666664
0 0.105078125 0.6125 0.01328125 0.013888888888888888
0 0.704296875 0.9840277777777777 0.03046875 0.029166666666666667
0 0.990625 0.9333333333333333 0.0171875 0.025