2 0.55078125 0.6340277777777777 0.0140625 0.08194444444444444
2 0.77734375 0.6381944444444444 0.01875 0.0875
2 0.566796875 0.6388888888888888 0.01484375 0.06666666666666667
2 0.53359375 0.6472222222222223 0.015625 0.05277777777777778
1 0.315625 0.8590277777777777 0.6296875 0.2763888888888889
3 0.64296875 0.4534722222222222 0.46875 0.9069444444444444
3 0.336328125 0.43680555555555556 0.25078125 0.3597222222222222
3 0.066796875 0.4409722222222222 0.04453125 0.10138888888888889
3 0.15859375 0.4701388888888889 0.0359375 0.059722222222222225
3 0.3375 0.6048611111111111 0.1453125 0.28194444444444444
3 0.91953125 0.6909722222222222 0.159375 0.35694444444444445
3 0.184765625 0.4840277777777778 0.03046875 0.034722222222222224
3 0.119140625 0.46805555555555556 0.03046875 0.05
3 0.709765625 0.9347222222222222 0.10390625 0.125
3 0.042578125 0.4548611111111111 0.01484375 0.05694444444444444