2 0.36953125 0.5881944444444445 0.0171875 0.08194444444444444
2 0.480859375 0.6798611111111111 0.01953125 0.14027777777777778
2 0.4546875 0.7069444444444445 0.0265625 0.08888888888888889
2 0.569140625 0.5798611111111112 0.01171875 0.059722222222222225
2 0.829296875 0.7916666666666666 0.02109375 0.041666666666666664
2 0.47890625 0.6125 0.0203125 0.09166666666666666
3 0.43203125 0.37916666666666665 0.3125 0.7583333333333333
3 0.7625 0.3486111111111111 0.178125 0.325
3 0.519921875 0.4666666666666667 0.33828125 0.5611111111111111
3 0.244140625 0.7145833333333333 0.30625 0.5708333333333333
3 0.469921875 0.4666666666666667 0.19296875 0.35833333333333334