2 0.8734375 0.7930555555555555 0.115625 0.4111111111111111
2 0.49609375 0.6298611111111111 0.0296875 0.15416666666666667
2 0.40234375 0.6020833333333333 0.0171875 0.08472222222222223
2 0.0265625 0.6006944444444444 0.021875 0.1125
2 0.421484375 0.6013888888888889 0.01640625 0.08611111111111111
2 0.3671875 0.6111111111111112 0.0140625 0.09722222222222222
2 0.333984375 0.6229166666666667 0.02265625 0.12083333333333333
2 0.275 0.6263888888888889 0.025 0.12222222222222222
2 0.008203125 0.6020833333333333 0.01640625 0.10694444444444444
3 0.14296875 0.3138888888888889 0.2859375 0.6277777777777778
3 0.948046875 0.325 0.04140625 0.65
3 0.80546875 0.5916666666666667 0.075 0.10555555555555556
3 0.616015625 0.51875 0.06484375 0.05694444444444444
3 0.89765625 0.5847222222222223 0.0640625 0.12222222222222222
3 0.52734375 0.5104166666666666 0.0625 0.06527777777777778
3 0.616015625 0.5680555555555555 0.06484375 0.15555555555555556
3 0.52734375 0.5423611111111111 0.0640625 0.12916666666666668
3 0.401953125 0.5347222222222222 0.04921875 0.10833333333333334
3 0.47890625 0.5381944444444444 0.05625 0.06527777777777778