3 0.36328125 0.24513888888888888 0.1296875 0.15138888888888888
3 0.181640625 0.18541666666666667 0.20703125 0.37083333333333335
2 0.634765625 0.18125 0.03828125 0.20416666666666666
2 0.88515625 0.15902777777777777 0.0453125 0.2625
2 0.819921875 0.1673611111111111 0.04921875 0.2513888888888889
2 0.753125 0.17152777777777778 0.04375 0.18472222222222223
2 0.71953125 0.125 0.021875 0.09444444444444444
2 0.290234375 0.19583333333333333 0.02421875 0.058333333333333334
2 0.263671875 0.22361111111111112 0.02890625 0.10555555555555556
2 0.036328125 0.2465277777777778 0.03515625 0.10138888888888889
2 0.973046875 0.32916666666666666 0.05234375 0.46111111111111114
2 0.1703125 0.19375 0.0109375 0.02361111111111111
2 0.77890625 0.13125 0.0140625 0.07361111111111111
2 0.546875 0.15902777777777777 0.0171875 0.0625
2 0.984375 0.07152777777777777 0.028125 0.06805555555555555
3 0.48125 0.14305555555555555 0.196875 0.2861111111111111
3 0.94609375 0.06111111111111111 0.0390625 0.08611111111111111
3 0.680859375 0.07152777777777777 0.08671875 0.14305555555555555
3 0.059375 0.1597222222222222 0.11875 0.2
3 0.37734375 0.14166666666666666 0.05625 0.08611111111111111