2 0.335546875 0.7763888888888889 0.04921875 0.18888888888888888
2 0.612890625 0.6972222222222222 0.02734375 0.075
2 0.357421875 0.75625 0.03046875 0.15694444444444444
1 0.70234375 0.8347222222222223 0.5921875 0.325
1 0.883984375 0.7173611111111111 0.02265625 0.10694444444444444
1 0.787109375 0.7520833333333333 0.03828125 0.1763888888888889
1 0.727734375 0.7909722222222222 0.02890625 0.1625
1 0.642578125 0.8666666666666667 0.03515625 0.25833333333333336
1 0.697265625 0.83125 0.01953125 0.13472222222222222
1 0.696484375 0.8736111111111111 0.02578125 0.21944444444444444
1 0.71796875 0.8298611111111112 0.1890625 0.33194444444444443
3 0.2640625 0.45069444444444445 0.084375 0.3013888888888889
3 0.85 0.45069444444444445 0.065625 0.24861111111111112
3 0.378125 0.4326388888888889 0.0734375 0.2652777777777778
3 0.16640625 0.39444444444444443 0.10625 0.28055555555555556
3 0.46484375 0.46597222222222223 0.0703125 0.2986111111111111
3 0.434375 0.425 0.059375 0.25
3 0.384765625 0.7493055555555556 0.10703125 0.3736111111111111
3 0.05 0.3958333333333333 0.1 0.40555555555555556
3 0.408203125 0.5055555555555555 0.05234375 0.15833333333333333
3 0.53359375 0.6881944444444444 0.1390625 0.4125
3 0.798046875 0.45694444444444443 0.08671875 0.36944444444444446
3 0.52578125 0.42986111111111114 0.0609375 0.22083333333333333
3 0.909765625 0.5166666666666667 0.11015625 0.2361111111111111
3 0.220703125 0.47638888888888886 0.08203125 0.26944444444444443
3 0.97578125 0.35138888888888886 0.046875 0.1111111111111111
3 0.107421875 0.49027777777777776 0.13515625 0.25833333333333336
3 0.4875 0.45208333333333334 0.0546875 0.10416666666666667
3 0.694921875 0.38958333333333334 0.12890625 0.3958333333333333
3 0.358203125 0.5263888888888889 0.04765625 0.08055555555555556
3 0.6515625 0.48333333333333334 0.2296875 0.5861111111111111
3 0.630078125 0.6708333333333333 0.06796875 0.21666666666666667
3 0.722265625 0.6451388888888889 0.09453125 0.20416666666666666
3 0.29453125 0.5333333333333333 0.065625 0.15555555555555556
3 0.8578125 0.5243055555555556 0.0421875 0.10138888888888889
3 0.58125 0.41458333333333336 0.0765625 0.3125
3 0.922265625 0.3972222222222222 0.09453125 0.19444444444444445
3 0.317578125 0.41875 0.02265625 0.14305555555555555
3 0.285546875 0.5152777777777777 0.03828125 0.12222222222222222
3 0.92109375 0.3576388888888889 0.0765625 0.11527777777777778
3 0.972265625 0.39652777777777776 0.05390625 0.2013888888888889
0 0.806640625 0.6194444444444445 0.03046875 0.030555555555555555