3 0.397265625 0.775 0.03125 0.08125
3 0.626953125 0.75 0.027734375 0.08333333333333333
3 0.383984375 0.5055555555555555 0.021484375 0.07777777777777778
3 0.410546875 0.2125 0.019921875 0.049305555555555554
3 0.908984375 0.42777777777777776 0.025 0.06319444444444444
3 0.36484375 0.5076388888888889 0.0234375 0.06319444444444444
3 0.349609375 0.31875 0.036328125 0.06041666666666667
3 0.794921875 0.7590277777777777 0.0328125 0.04722222222222222
3 0.360546875 0.6645833333333333 0.0234375 0.07847222222222222
3 0.166015625 0.5131944444444444 0.034765625 0.08333333333333333
3 0.591796875 0.7381944444444445 0.026953125 0.06666666666666667
3 0.5125 0.1638888888888889 0.021875 0.04097222222222222
3 0.494921875 0.5291666666666667 0.025390625 0.07152777777777777
3 0.179296875 0.7916666666666666 0.025 0.06458333333333334
3 0.492578125 0.7472222222222222 0.028125 0.1
3 0.193359375 0.4305555555555556 0.021484375 0.06458333333333334
3 0.861328125 0.3020833333333333 0.019921875 0.07152777777777777
3 0.035546875 0.38958333333333334 0.025 0.052083333333333336
3 0.681640625 0.17152777777777778 0.028125 0.06666666666666667
3 0.5296875 0.4979166666666667 0.023046875 0.04513888888888889
3 0.233203125 0.6736111111111112 0.088671875 0.26944444444444443
3 0.368359375 0.81875 0.037890625 0.07777777777777778
3 0.250390625 0.9770833333333333 0.026953125 0.044444444444444446
3 0.18125 0.7423611111111111 0.028125 0.050694444444444445
3 0.712109375 0.29791666666666666 0.025 0.06180555555555556
3 0.035546875 0.5222222222222223 0.015625 0.15347222222222223
3 0.173046875 0.5951388888888889 0.03125 0.04722222222222222
3 0.636328125 0.5381944444444444 0.0265625 0.059027777777777776
3 0.144140625 0.3590277777777778 0.036328125 0.08263888888888889
3 0.587890625 0.25069444444444444 0.0296875 0.050694444444444445
3 0.0953125 0.33819444444444446 0.011328125 0.06111111111111111
3 0.374609375 0.8284722222222223 0.025390625 0.04375
3 0.019921875 0.8013888888888889 0.012890625 0.13055555555555556
3 0.103515625 0.7756944444444445 0.037890625 0.10277777777777777
3 0.354296875 0.4076388888888889 0.032421875 0.05486111111111111
3 0.890625 0.29375 0.020703125 0.05625
3 0.294140625 0.7854166666666667 0.040625 0.11458333333333333
3 0.44453125 0.5979166666666667 0.0203125 0.05625
3 0.964453125 0.18263888888888888 0.021875 0.04791666666666667
3 0.323828125 0.3854166666666667 0.026171875 0.05277777777777778
3 0.342578125 0.7847222222222222 0.0171875 0.08958333333333333
3 0.32265625 0.9597222222222223 0.1734375 0.07708333333333334
3 0.10234375 0.8493055555555555 0.0421875 0.2798611111111111
3 0.564453125 0.7451388888888889 0.025390625 0.05625
3 0.691796875 0.6472222222222223 0.068359375 0.15902777777777777
3 0.399609375 0.3715277777777778 0.033984375 0.05555555555555555
3 0.619921875 0.5256944444444445 0.024609375 0.08263888888888889
3 0.469140625 0.6715277777777777 0.016796875 0.035416666666666666
3 0.436328125 0.35 0.0265625 0.06319444444444444
3 0.926171875 0.035416666666666666 0.0171875 0.04791666666666667
3 0.259375 0.36041666666666666 0.014453125 0.029861111111111113
3 0.652734375 0.2701388888888889 0.0125 0.04791666666666667
3 0.31484375 0.8166666666666667 0.027734375 0.05555555555555555
3 0.566015625 0.5118055555555555 0.021484375 0.07291666666666667
3 0.472265625 0.6173611111111111 0.017578125 0.07152777777777777
3 0.360546875 0.8111111111111111 0.022265625 0.06319444444444444
3 0.738671875 0.34305555555555556 0.01875 0.04513888888888889
3 0.757421875 0.5104166666666666 0.019921875 0.058333333333333334
3 0.436328125 0.4756944444444444 0.012890625 0.03263888888888889
3 0.667578125 0.9381944444444444 0.031640625 0.041666666666666664
3 0.434375 0.13402777777777777 0.0375 0.03958333333333333
3 0.112109375 0.6243055555555556 0.012890625 0.06666666666666667
3 0.3921875 0.6041666666666666 0.01875 0.05625
3 0.938671875 0.23819444444444443 0.030859375 0.05555555555555555
3 0.771484375 0.5368055555555555 0.026953125 0.05555555555555555
3 0.736328125 0.4048611111111111 0.022265625 0.05625
3 0.678125 0.41458333333333336 0.021875 0.05625
3 0.639453125 0.20208333333333334 0.014453125 0.05
3 0.099609375 0.5229166666666667 0.051953125 0.18958333333333333
3 0.622265625 0.7770833333333333 0.228515625 0.1423611111111111
3 0.166796875 0.44513888888888886 0.018359375 0.06180555555555556
3 0.61640625 0.8090277777777778 0.025390625 0.06180555555555556
3 0.98828125 0.5277777777777778 0.022265625 0.08125
3 0.153515625 0.3034722222222222 0.028515625 0.07013888888888889
0 0.398828125 0.8861111111111111 0.021484375 0.01875
0 0.928515625 0.9048611111111111 0.0234375 0.014583333333333334
0 0.53359375 0.8909722222222223 0.021484375 0.019444444444444445
0 0.133984375 0.7229166666666667 0.012109375 0.02847222222222222
0 0.233203125 0.9840277777777777 0.0171875 0.025694444444444443
0 0.419140625 0.9826388888888888 0.0203125 0.019444444444444445
0 0.160546875 0.8215277777777777 0.014453125 0.029861111111111113
0 0.123046875 0.46111111111111114 0.009375 0.016666666666666666
0 0.177734375 0.9395833333333333 0.0109375 0.025694444444444443
0 0.138671875 0.8472222222222222 0.009375 0.01875
0 0.112109375 0.15486111111111112 0.005859375 0.009027777777777777
0 0.083984375 0.19444444444444445 0.005859375 0.011111111111111112
0 0.217578125 0.8791666666666667 0.019921875 0.017361111111111112
0 0.504296875 0.8784722222222222 0.021484375 0.01875
0 0.3390625 0.88125 0.020703125 0.019444444444444445
0 0.359375 0.9291666666666667 0.020703125 0.017361111111111112
0 0.79921875 0.9763888888888889 0.024609375 0.019444444444444445
0 0.055859375 0.7201388888888889 0.010546875 0.025
0 0.117578125 0.3701388888888889 0.007421875 0.014583333333333334
0 0.17734375 0.8548611111111111 0.016015625 0.022222222222222223
0 0.07421875 0.8048611111111111 0.012109375 0.029861111111111113
0 0.062109375 0.5354166666666667 0.008203125 0.016666666666666666
0 0.746484375 0.8715277777777778 0.019140625 0.021527777777777778
0 0.819140625 0.9 0.023828125 0.02013888888888889
0 0.08125 0.7138888888888889 0.010546875 0.024305555555555556
0 0.140625 0.4777777777777778 0.008203125 0.016666666666666666
0 0.7734375 0.7034722222222223 0.011328125 0.025694444444444443
0 0.710546875 0.8958333333333334 0.022265625 0.019444444444444445
0 0.683203125 0.8944444444444445 0.021875 0.01875
0 0.095703125 0.24375 0.006640625 0.013888888888888888
0 0.075390625 0.2222222222222222 0.00625 0.013194444444444444
0 0.1953125 0.8423611111111111 0.019921875 0.02013888888888889
0 0.076171875 0.5354166666666667 0.0078125 0.019444444444444445
0 0.849609375 0.9020833333333333 0.023046875 0.01875
0 0.848046875 0.9527777777777777 0.025 0.01875
0 0.880078125 0.9541666666666667 0.023046875 0.019444444444444445
0 0.209765625 0.8111111111111111 0.014453125 0.01875
0 0.125 0.21041666666666667 0.007421875 0.013888888888888888
0 0.928515625 0.9743055555555555 0.028515625 0.022222222222222223
0 0.691796875 0.8597222222222223 0.017578125 0.019444444444444445
0 0.167578125 0.7645833333333333 0.009375 0.025
0 0.866796875 0.9736111111111111 0.026171875 0.021527777777777778
0 0.2265625 0.8548611111111111 0.017578125 0.017361111111111112
0 0.8203125 0.9520833333333333 0.023828125 0.02013888888888889
0 0.114453125 0.9118055555555555 0.021875 0.02847222222222222
0 0.791796875 0.9 0.023046875 0.01875
0 0.9140625 0.9569444444444445 0.025 0.017361111111111112
0 0.911328125 0.8625 0.0234375 0.017361111111111112
0 0.032421875 0.44513888888888886 0.012109375 0.01875
0 0.88828125 0.9020833333333333 0.0203125 0.013888888888888888
0 0.0765625 0.9701388888888889 0.010546875 0.01875
0 0.7671875 0.8993055555555556 0.023828125 0.019444444444444445
0 0.3390625 0.8555555555555555 0.020703125 0.024305555555555556
0 0.257421875 0.8534722222222222 0.020703125 0.019444444444444445
0 0.013671875 0.6465277777777778 0.016015625 0.027777777777777776
0 0.794140625 0.9506944444444444 0.025 0.019444444444444445
0 0.3375 0.9298611111111111 0.021875 0.021527777777777778
0 0.419921875 0.9486111111111111 0.009375 0.019444444444444445
0 0.672265625 0.8777777777777778 0.021875 0.02013888888888889
0 0.365234375 0.8541666666666666 0.019921875 0.021527777777777778
0 0.731640625 0.9479166666666666 0.01875 0.016666666666666666
0 0.3140625 0.9902777777777778 0.023046875 0.017361111111111112
0 0.737890625 0.8986111111111111 0.023046875 0.019444444444444445
0 0.958203125 0.8631944444444445 0.025390625 0.01875
0 0.935546875 0.8638888888888889 0.023046875 0.01875
0 0.066796875 0.5763888888888888 0.008203125 0.021527777777777778
0 0.7625 0.9513888888888888 0.021875 0.021527777777777778
0 0.172265625 0.69375 0.012109375 0.030555555555555555
1 0.49609375 0.6666666666666666 0.03671875 0.05416666666666667
1 0.486328125 0.6013888888888889 0.01484375 0.03680555555555556
1 0.425 0.6736111111111112 0.01640625 0.03958333333333333
1 0.41796875 0.6055555555555555 0.03203125 0.04375
1 0.367578125 0.37569444444444444 0.0375 0.016666666666666666