3 0.27578125 0.4722222222222222 0.1875 0.34444444444444444
3 0.188671875 0.4736111111111111 0.07890625 0.3388888888888889
2 0.5296875 0.6020833333333333 0.0109375 0.06527777777777778
2 0.06796875 0.6270833333333333 0.0421875 0.10694444444444444
2 0.48359375 0.6090277777777777 0.0234375 0.0625
2 0.46484375 0.6118055555555556 0.01875 0.059722222222222225
2 0.4328125 0.5958333333333333 0.0125 0.03611111111111111
2 0.0296875 0.6416666666666667 0.025 0.09444444444444444
2 0.56953125 0.5895833333333333 0.0109375 0.05138888888888889
2 0.580078125 0.6020833333333333 0.02109375 0.059722222222222225
3 0.097265625 0.32708333333333334 0.19453125 0.6541666666666667
3 0.65078125 0.6291666666666667 0.18125 0.4583333333333333
3 0.971484375 0.7229166666666667 0.05546875 0.4486111111111111
3 0.731640625 0.49027777777777776 0.36171875 0.7305555555555555
3 0.8140625 0.5715277777777777 0.1984375 0.40694444444444444
3 0.12578125 0.46458333333333335 0.115625 0.37083333333333335
3 0.646875 0.3 0.190625 0.35555555555555557
3 0.126171875 0.5826388888888889 0.09609375 0.1375
3 0.101171875 0.5847222222222223 0.04765625 0.1361111111111111
3 0.372265625 0.5527777777777778 0.05390625 0.06944444444444445