2 0.601171875 0.73125 0.00546875 0.02361111111111111
2 0.43828125 0.6791666666666667 0.0046875 0.019444444444444445
3 0.566796875 0.8923611111111112 0.08671875 0.20972222222222223
3 0.483984375 0.9284722222222223 0.09140625 0.1375
3 0.383984375 0.90625 0.12578125 0.18472222222222223
3 0.64921875 0.8951388888888889 0.09375 0.20416666666666666
3 0.717578125 0.9236111111111112 0.05078125 0.14722222222222223
3 0.234765625 0.90625 0.03515625 0.09861111111111111
3 0.734375 0.46111111111111114 0.034375 0.07777777777777778
3 0.58515625 0.6277777777777778 0.0125 0.041666666666666664
3 0.9546875 0.44583333333333336 0.0296875 0.06111111111111111
3 0.509765625 0.4965277777777778 0.02578125 0.07083333333333333
3 0.29296875 0.4826388888888889 0.0421875 0.07361111111111111
3 0.796875 0.47638888888888886 0.0296875 0.07222222222222222
3 0.43515625 0.4826388888888889 0.025 0.07361111111111111
3 0.9484375 0.4791666666666667 0.0640625 0.12777777777777777
3 0.412109375 0.4791666666666667 0.02734375 0.06944444444444445
3 0.52890625 0.8895833333333333 0.4234375 0.2152777777777778
2 0.538671875 0.7361111111111112 0.00859375 0.025694444444444443
2 0.55703125 0.7131944444444445 0.011328125 0.018055555555555554
2 0.54296875 0.7166666666666667 0.013671875 0.016666666666666666
2 0.560546875 0.6409722222222223 0.007421875 0.019444444444444445
2 0.554296875 0.6458333333333334 0.00546875 0.019444444444444445
2 0.51953125 0.6270833333333333 0.0078125 0.024305555555555556
2 0.5 0.6152777777777778 0.00859375 0.0125
2 0.491015625 0.5993055555555555 0.009765625 0.019444444444444445
2 0.646875 0.7798611111111111 0.0140625 0.019444444444444445
2 0.651953125 0.7708333333333334 0.01171875 0.022916666666666665
2 0.6703125 0.6395833333333333 0.0125 0.024305555555555556
2 0.3890625 0.8152777777777778 0.01171875 0.034722222222222224
2 0.389453125 0.7909722222222222 0.013671875 0.04513888888888889