2 0.428515625 0.6604166666666667 0.01015625 0.043055555555555555
2 0.532421875 0.6270833333333333 0.01015625 0.05138888888888889
2 0.279296875 0.6569444444444444 0.01171875 0.03888888888888889
2 0.266015625 0.6340277777777777 0.00859375 0.04583333333333333
2 0.473828125 0.6527777777777778 0.01953125 0.06666666666666667
2 0.240234375 0.6430555555555556 0.00703125 0.03333333333333333
2 0.489453125 0.6347222222222222 0.01328125 0.04722222222222222
1 0.555078125 0.8451388888888889 0.66171875 0.30416666666666664
3 0.4046875 0.4875 0.2625 0.5138888888888888
3 0.9015625 0.48194444444444445 0.0375 0.06388888888888888
3 0.06328125 0.35138888888888886 0.1265625 0.7027777777777777
3 0.170703125 0.4930555555555556 0.20703125 0.4527777777777778
3 0.813671875 0.4736111111111111 0.03671875 0.09444444444444444
3 0.862890625 0.48819444444444443 0.03359375 0.04583333333333333
3 0.981640625 0.42291666666666666 0.03515625 0.24305555555555555
3 0.7328125 0.5805555555555556 0.078125 0.18055555555555555
3 0.93046875 0.49166666666666664 0.0328125 0.03888888888888889
3 0.5390625 0.48055555555555557 0.128125 0.3472222222222222
3 0.95234375 0.4930555555555556 0.01875 0.030555555555555555
3 0.614453125 0.47708333333333336 0.14296875 0.3458333333333333
3 0.83984375 0.5020833333333333 0.0203125 0.029166666666666667