2 0.74921875 0.9576388888888889 0.00625 0.02361111111111111
2 0.83515625 0.9298611111111111 0.00625 0.020833333333333332
2 0.709375 0.9416666666666667 0.0046875 0.019444444444444445
2 0.847265625 0.9326388888888889 0.00546875 0.02361111111111111
1 0.41953125 0.6972222222222222 0.05625 0.08611111111111111
1 0.571484375 0.46458333333333335 0.10078125 0.03194444444444444
3 0.350390625 0.8666666666666667 0.04140625 0.08888888888888889
3 0.483984375 0.8326388888888889 0.03359375 0.13194444444444445
3 0.515234375 0.8215277777777777 0.03671875 0.16527777777777777
3 0.121484375 0.9229166666666667 0.03828125 0.12638888888888888
3 0.75390625 0.7722222222222223 0.1265625 0.2
3 0.554296875 0.8256944444444444 0.06640625 0.16805555555555557
3 0.85078125 0.7888888888888889 0.071875 0.13333333333333333
3 0.4453125 0.8479166666666667 0.05625 0.1875
3 0.9578125 0.7 0.0828125 0.24166666666666667
3 0.362890625 0.9361111111111111 0.02890625 0.058333333333333334
3 0.35703125 0.8006944444444445 0.0140625 0.04583333333333333
3 0.71640625 0.7673611111111112 0.05 0.19027777777777777
3 0.801171875 0.5506944444444445 0.03046875 0.09027777777777778
3 0.389453125 0.8729166666666667 0.02734375 0.08194444444444444
3 0.496484375 0.5527777777777778 0.01640625 0.04722222222222222
3 0.580859375 0.8111111111111111 0.02109375 0.075
3 0.6765625 0.7680555555555556 0.034375 0.10277777777777777
3 0.925390625 0.7694444444444445 0.04140625 0.11944444444444445
3 0.459765625 0.8416666666666667 0.25859375 0.21666666666666667
3 0.4109375 0.875 0.06875 0.12222222222222222
0 0.899609375 0.9881944444444445 0.03515625 0.020833333333333332
0 0.916015625 0.9395833333333333 0.03203125 0.029166666666666667
0 0.9515625 0.9652777777777778 0.0421875 0.03888888888888889
0 0.931640625 0.8722222222222222 0.02890625 0.022222222222222223
0 0.95703125 0.8861111111111111 0.0359375 0.03333333333333333
0 0.803515625 0.9708333333333333 0.03046875 0.019444444444444445
0 0.988671875 0.9298611111111111 0.02109375 0.034722222222222224