3 0.237109375 0.61875 0.04453125 0.10416666666666667
3 0.153515625 0.5576388888888889 0.09765625 0.22916666666666666
2 0.869921875 0.8451388888888889 0.11640625 0.30694444444444446
2 0.86015625 0.8201388888888889 0.0609375 0.31805555555555554
2 0.745703125 0.6409722222222223 0.01328125 0.05416666666666667
2 0.58359375 0.64375 0.0171875 0.04861111111111111
2 0.609375 0.6534722222222222 0.0234375 0.04861111111111111
2 0.0296875 0.6638888888888889 0.025 0.08611111111111111
3 0.440234375 0.49236111111111114 0.07421875 0.25416666666666665
3 0.71640625 0.4777777777777778 0.0734375 0.16111111111111112
3 0.055078125 0.45208333333333334 0.06640625 0.17083333333333334
3 0.858203125 0.5104166666666666 0.06328125 0.08194444444444444
3 0.01640625 0.4305555555555556 0.0328125 0.20833333333333334
3 0.52421875 0.55625 0.046875 0.10694444444444444
3 0.471484375 0.7333333333333333 0.07265625 0.18333333333333332
3 0.591796875 0.5347222222222222 0.09453125 0.16666666666666666
3 0.101171875 0.7333333333333333 0.11328125 0.16666666666666666
3 0.019921875 0.71875 0.03984375 0.1486111111111111
3 0.390234375 0.7451388888888889 0.09453125 0.20416666666666666
3 0.37890625 0.5159722222222223 0.0171875 0.06805555555555555
3 0.313671875 0.9159722222222222 0.08359375 0.1625
3 0.941015625 0.4701388888888889 0.03515625 0.15416666666666667
3 0.953515625 0.6458333333333334 0.04765625 0.14444444444444443
3 0.896875 0.6972222222222222 0.04375 0.11666666666666667
3 0.61015625 0.5576388888888889 0.0578125 0.11805555555555555
3 0.180078125 0.7395833333333334 0.04140625 0.15138888888888888
3 0.26328125 0.7402777777777778 0.05 0.1527777777777778
3 0.2234375 0.75 0.053125 0.14444444444444443
0 0.47734375 0.6256944444444444 0.075 0.05694444444444444
0 0.0375 0.6208333333333333 0.075 0.06388888888888888
0 0.4328125 0.6069444444444444 0.065625 0.030555555555555555