2 0.05390625 0.9402777777777778 0.0578125 0.11666666666666667
2 0.01328125 0.9388888888888889 0.0265625 0.11944444444444445
2 0.98671875 0.8027777777777778 0.0203125 0.08611111111111111
3 0.941015625 0.5361111111111111 0.11640625 0.40555555555555556
3 0.8375 0.5736111111111111 0.1171875 0.45
3 0.083203125 0.15 0.16640625 0.2638888888888889
3 0.748046875 0.5875 0.11015625 0.39166666666666666
3 0.569140625 0.51875 0.04140625 0.14305555555555555
3 0.323046875 0.45069444444444445 0.17421875 0.5263888888888889
3 0.79921875 0.6854166666666667 0.1234375 0.24583333333333332
3 0.76875 0.6722222222222223 0.0625 0.21666666666666667
3 0.484765625 0.6777777777777778 0.20859375 0.6277777777777778