2 0.926171875 0.50625 0.08203125 0.42083333333333334
2 0.596875 0.6458333333333334 0.0890625 0.5
2 0.515625 0.5076388888888889 0.028125 0.17916666666666667
2 0.5515625 0.5048611111111111 0.0265625 0.1736111111111111
2 0.87578125 0.42083333333333334 0.015625 0.044444444444444446
2 0.43203125 0.5291666666666667 0.028125 0.08333333333333333
2 0.09609375 0.5534722222222223 0.015625 0.05138888888888889
2 0.794140625 0.4166666666666667 0.01015625 0.030555555555555555
2 0.1078125 0.5631944444444444 0.0203125 0.05416666666666667
3 0.034765625 0.06736111111111111 0.06953125 0.13472222222222222
3 0.839453125 0.4486111111111111 0.05234375 0.18333333333333332
3 0.40859375 0.5201388888888889 0.1015625 0.2763888888888889
3 0.5140625 0.30277777777777776 0.046875 0.08888888888888889
3 0.2171875 0.5826388888888889 0.2484375 0.4013888888888889
3 0.76640625 0.4263888888888889 0.025 0.07222222222222222
3 0.4875 0.3138888888888889 0.15 0.11388888888888889
3 0.427734375 0.3277777777777778 0.02890625 0.08055555555555556