3 0.651171875 0.7097222222222223 0.17578125 0.5083333333333333
2 0.118359375 0.9534722222222223 0.05234375 0.09027777777777778
2 0.52109375 0.9875 0.0234375 0.022222222222222223
2 0.015625 0.9541666666666667 0.03125 0.08888888888888889
2 0.05546875 0.9555555555555556 0.0125 0.06111111111111111
3 0.084375 0.5618055555555556 0.16875 0.7208333333333333
3 0.739453125 0.6638888888888889 0.13046875 0.5972222222222222
3 0.85390625 0.675 0.1421875 0.5805555555555556
3 0.195703125 0.60625 0.19765625 0.6069444444444444
3 0.8046875 0.9291666666666667 0.0296875 0.08611111111111111
3 0.373046875 0.45208333333333334 0.20546875 0.5319444444444444
3 0.726171875 0.9277777777777778 0.02890625 0.08333333333333333
3 0.7640625 0.9263888888888889 0.03125 0.07777777777777778
3 0.294140625 0.5409722222222222 0.11640625 0.4736111111111111
3 0.923828125 0.9243055555555556 0.03046875 0.07361111111111111
3 0.765234375 0.7909722222222222 0.14453125 0.32083333333333336
3 0.972265625 0.5805555555555556 0.05390625 0.4444444444444444
3 0.5671875 0.5770833333333333 0.075 0.30416666666666664
3 0.4765625 0.9458333333333333 0.10625 0.10277777777777777
3 0.974609375 0.4361111111111111 0.04921875 0.15555555555555556
3 0.965625 0.9180555555555555 0.0359375 0.075
3 0.233203125 0.9444444444444444 0.04296875 0.09166666666666666
3 0.869921875 0.9402777777777778 0.03671875 0.058333333333333334