2 0.101171875 0.7965277777777777 0.008203125 0.029861111111111113
1 0.128515625 0.28194444444444444 0.066796875 0.05625
0 0.691796875 0.9520833333333333 0.015625 0.059027777777777776
3 0.345703125 0.35625 0.033203125 0.09722222222222222
3 0.648046875 0.5659722222222222 0.037890625 0.08958333333333333
3 0.04375 0.7604166666666666 0.084375 0.20277777777777778
3 0.508203125 0.059027777777777776 0.023046875 0.052083333333333336
3 0.534765625 0.058333333333333334 0.029296875 0.09236111111111112
3 0.325 0.42569444444444443 0.032421875 0.16875
3 0.494921875 0.7118055555555556 0.035546875 0.11666666666666667
3 0.377734375 0.8395833333333333 0.046484375 0.06736111111111111
3 0.073828125 0.22569444444444445 0.065234375 0.07569444444444444
3 0.505078125 0.2326388888888889 0.030078125 0.08541666666666667
3 0.305859375 0.9673611111111111 0.055859375 0.06319444444444444
3 0.890234375 0.6625 0.062890625 0.13819444444444445
3 0.470703125 0.5409722222222222 0.022265625 0.08333333333333333
3 0.17265625 0.24097222222222223 0.050390625 0.0798611111111111
3 0.457421875 0.8958333333333334 0.032421875 0.06388888888888888
3 0.49453125 0.56875 0.028515625 0.09097222222222222
3 0.421875 0.48819444444444443 0.019921875 0.09166666666666666
3 0.716015625 0.43680555555555556 0.035546875 0.07291666666666667
3 0.166015625 0.7201388888888889 0.05 0.08263888888888889
3 0.799609375 0.2520833333333333 0.029296875 0.08125
3 0.44609375 0.5368055555555555 0.0203125 0.0798611111111111
3 0.25625 0.6055555555555555 0.042578125 0.1111111111111111
3 0.751171875 0.9326388888888889 0.040625 0.06944444444444445
3 0.223046875 0.5548611111111111 0.046484375 0.12430555555555556
3 0.56953125 0.4444444444444444 0.024609375 0.044444444444444446
3 0.785546875 0.8263888888888888 0.141015625 0.2916666666666667
3 0.141796875 0.3326388888888889 0.040234375 0.06458333333333334
3 0.532421875 0.7756944444444445 0.032421875 0.21319444444444444
3 0.2484375 0.46111111111111114 0.035546875 0.09791666666666667
3 0.30625 0.6652777777777777 0.059375 0.23819444444444443
3 0.469140625 0.7298611111111111 0.034375 0.1673611111111111
3 0.4265625 0.8861111111111111 0.033203125 0.07569444444444444
3 0.881640625 0.9354166666666667 0.046875 0.09375
3 0.35390625 0.6423611111111112 0.037890625 0.10347222222222222
3 0.0765625 0.6361111111111111 0.051171875 0.09652777777777778
3 0.745703125 0.3909722222222222 0.028515625 0.06458333333333334
3 0.472265625 0.26875 0.0234375 0.05277777777777778
3 0.38046875 0.6520833333333333 0.0328125 0.1076388888888889
3 0.246484375 0.23402777777777778 0.040234375 0.08125
3 0.539453125 0.6465277777777778 0.023046875 0.05486111111111111
3 0.7703125 0.3659722222222222 0.035546875 0.10277777777777777
3 0.74921875 0.8819444444444444 0.0671875 0.1638888888888889
3 0.2265625 0.4652777777777778 0.03125 0.07847222222222222
3 0.0625 0.03611111111111111 0.026171875 0.052083333333333336
3 0.64453125 0.4652777777777778 0.015234375 0.06041666666666667
3 0.54609375 0.5173611111111112 0.022265625 0.05555555555555555
3 0.846484375 0.9284722222222223 0.029296875 0.06319444444444444
3 0.7 0.19375 0.023046875 0.08333333333333333
3 0.269140625 0.4840277777777778 0.0296875 0.1638888888888889
3 0.644921875 0.1736111111111111 0.041796875 0.12152777777777778
3 0.890234375 0.94375 0.118359375 0.10902777777777778
3 0.422265625 0.7451388888888889 0.0328125 0.1673611111111111
3 0.601953125 0.5305555555555556 0.025 0.04652777777777778
3 0.269921875 0.44375 0.028125 0.08402777777777778
3 0.9296875 0.37569444444444444 0.014453125 0.02847222222222222
3 0.255078125 0.9576388888888889 0.0546875 0.0798611111111111
3 0.662109375 0.6590277777777778 0.024609375 0.08263888888888889
3 0.984375 0.29097222222222224 0.030078125 0.06597222222222222
3 0.162890625 0.7979166666666667 0.063671875 0.1361111111111111
3 0.3625 0.4479166666666667 0.017578125 0.04375
3 0.0140625 0.4409722222222222 0.028125 0.12708333333333333
3 0.96328125 0.4965277777777778 0.040234375 0.08888888888888889
3 0.537109375 0.21388888888888888 0.028515625 0.10902777777777778
3 0.162890625 0.8770833333333333 0.020703125 0.05347222222222222
3 0.9328125 0.5777777777777777 0.053125 0.09652777777777778
3 0.4484375 0.6618055555555555 0.038671875 0.09444444444444444
3 0.345703125 0.4076388888888889 0.033984375 0.2
3 0.57265625 0.5340277777777778 0.0234375 0.05625
3 0.488671875 0.3576388888888889 0.0203125 0.058333333333333334
3 0.49453125 0.6361111111111111 0.0234375 0.052083333333333336
3 0.46875 0.4041666666666667 0.01875 0.04375
3 0.907421875 0.7840277777777778 0.052734375 0.1076388888888889
3 0.405078125 0.65625 0.037890625 0.09166666666666666
3 0.53984375 0.3076388888888889 0.021484375 0.08402777777777778
3 0.762109375 0.46458333333333335 0.035546875 0.08819444444444445
3 0.323828125 0.2048611111111111 0.0296875 0.041666666666666664
3 0.472265625 0.30277777777777776 0.0234375 0.12013888888888889
0 0.041015625 0.9534722222222223 0.033203125 0.03680555555555556
0 0.98046875 0.3923611111111111 0.016015625 0.025694444444444443
0 0.911328125 0.4826388888888889 0.0234375 0.025
0 0.303515625 0.8770833333333333 0.025 0.022916666666666665
0 0.761328125 0.6736111111111112 0.01875 0.030555555555555555
0 0.253515625 0.8798611111111111 0.023828125 0.024305555555555556
0 0.825 0.6416666666666667 0.020703125 0.03333333333333333
0 0.4734375 0.024305555555555556 0.0125 0.014583333333333334
0 0.801171875 0.5097222222222222 0.030078125 0.05486111111111111
0 0.956640625 0.5048611111111111 0.0125 0.027083333333333334
0 0.115234375 0.9701388888888889 0.033203125 0.035416666666666666
0 0.884765625 0.6111111111111112 0.017578125 0.024305555555555556
0 0.9640625 0.23194444444444445 0.023828125 0.03263888888888889
0 0.887109375 0.3993055555555556 0.018359375 0.03263888888888889
0 0.414453125 0.9611111111111111 0.023046875 0.025694444444444443
0 0.869140625 0.6409722222222223 0.0125 0.02847222222222222
0 0.21328125 0.8951388888888889 0.012109375 0.024305555555555556
1 0.579296875 0.41388888888888886 0.0578125 0.06527777777777778
1 0.44921875 0.4479166666666667 0.04375 0.06597222222222222