3 0.132421875 0.6548611111111111 0.13984375 0.39861111111111114
2 0.212109375 0.9513888888888888 0.04609375 0.09444444444444444
3 0.794921875 0.7319444444444444 0.17578125 0.5277777777777778
3 0.046484375 0.6486111111111111 0.09296875 0.26666666666666666
3 0.969140625 0.4152777777777778 0.06015625 0.23333333333333334
3 0.28125 0.81875 0.078125 0.08194444444444444
3 0.453515625 0.8118055555555556 0.13671875 0.10972222222222222
3 0.81640625 0.9604166666666667 0.1 0.07361111111111111
3 0.8234375 0.7583333333333333 0.1125 0.3888888888888889
3 0.479296875 0.8118055555555556 0.04921875 0.10694444444444444
3 0.96875 0.5659722222222222 0.0609375 0.5347222222222222
3 0.69453125 0.94375 0.0984375 0.10694444444444444
3 0.20390625 0.8333333333333334 0.071875 0.05
3 0.753515625 0.6611111111111111 0.09296875 0.38333333333333336