2 0.454296875 0.7395833333333334 0.106640625 0.51875
2 0.369921875 0.6520833333333333 0.102734375 0.5520833333333334
2 0.594140625 0.7541666666666667 0.090625 0.4895833333333333
2 0.6453125 0.7173611111111111 0.08125 0.5611111111111111
2 0.476171875 0.61875 0.0828125 0.5048611111111111
3 0.858203125 0.13055555555555556 0.2828125 0.2611111111111111
3 0.1390625 0.3215277777777778 0.270703125 0.3451388888888889
3 0.589453125 0.07291666666666667 0.10546875 0.14583333333333334
3 0.203515625 0.0763888888888889 0.137109375 0.1527777777777778
3 0.347265625 0.050694444444444445 0.026953125 0.06666666666666667
3 0.139453125 0.7402777777777778 0.277734375 0.5138888888888888
3 0.24921875 0.07430555555555556 0.0640625 0.1486111111111111
3 0.401171875 0.04097222222222222 0.039453125 0.08125