2 0.107421875 0.7451388888888889 0.09765625 0.5069444444444444
2 0.341015625 0.7319444444444444 0.12109375 0.5333333333333333
2 0.211328125 0.7541666666666667 0.11328125 0.4888888888888889
2 0.5375 0.7277777777777777 0.065625 0.35
2 0.26328125 0.7256944444444444 0.053125 0.4097222222222222
2 0.484375 0.6583333333333333 0.05625 0.30277777777777776
2 0.43984375 0.6986111111111111 0.0640625 0.38333333333333336
3 0.774609375 0.4847222222222222 0.27265625 0.9694444444444444
3 0.841015625 0.8666666666666667 0.06953125 0.25833333333333336
3 0.149609375 0.2611111111111111 0.24765625 0.5222222222222223
3 0.49296875 0.3875 0.20625 0.3333333333333333
3 0.368359375 0.2763888888888889 0.23515625 0.5527777777777778
3 0.877734375 0.5993055555555555 0.10546875 0.24305555555555555
3 0.61171875 0.7013888888888888 0.096875 0.26944444444444443
3 0.3171875 0.28541666666666665 0.584375 0.5708333333333333
3 0.6546875 0.5666666666666667 0.0390625 0.12777777777777777
3 0.590625 0.46597222222222223 0.075 0.19027777777777777