2 0.441015625 0.36944444444444446 0.00625 0.025694444444444443
3 0.073828125 0.06805555555555555 0.057421875 0.11944444444444445
3 0.410546875 0.29791666666666666 0.0515625 0.3138888888888889
3 0.02734375 0.0798611111111111 0.049609375 0.1111111111111111
3 0.569921875 0.7861111111111111 0.035546875 0.09791666666666667
3 0.47109375 0.17222222222222222 0.0671875 0.12986111111111112
3 0.41015625 0.18958333333333333 0.049609375 0.09652777777777778
3 0.551171875 0.5236111111111111 0.024609375 0.06944444444444445
3 0.5578125 0.5888888888888889 0.033203125 0.06319444444444444
3 0.5671875 0.6770833333333334 0.033203125 0.06666666666666667
3 0.495703125 0.8381944444444445 0.046484375 0.12222222222222222
3 0.98046875 0.04791666666666667 0.0375 0.09583333333333334
3 0.1796875 0.07291666666666667 0.1171875 0.14583333333333334
3 0.488671875 0.44722222222222224 0.037890625 0.08125
3 0.331640625 0.07083333333333333 0.15 0.14166666666666666
3 0.36953125 0.058333333333333334 0.0734375 0.11458333333333333
3 0.471484375 0.25763888888888886 0.067578125 0.30277777777777776
3 0.280859375 0.05694444444444444 0.046875 0.11388888888888889
3 0.144921875 0.07152777777777777 0.047265625 0.13541666666666666
3 0.546484375 0.39375 0.042578125 0.11458333333333333