2 0.18671875 0.8 0.175 0.3972222222222222
2 0.03671875 0.7965277777777777 0.0734375 0.4041666666666667
2 0.376953125 0.78125 0.06953125 0.30972222222222223
2 0.133984375 0.6979166666666666 0.04921875 0.15694444444444444
1 0.900390625 0.6097222222222223 0.19453125 0.06111111111111111
3 0.95859375 0.2326388888888889 0.08125 0.3402777777777778
3 0.956640625 0.3236111111111111 0.06171875 0.09722222222222222
3 0.93828125 0.4875 0.121875 0.2722222222222222
3 0.761328125 0.5833333333333334 0.06015625 0.1
3 0.80859375 0.5756944444444444 0.05625 0.10972222222222222
3 0.7109375 0.14652777777777778 0.1421875 0.20694444444444443
3 0.516015625 0.4222222222222222 0.13203125 0.4638888888888889
3 0.235546875 0.5166666666666667 0.08359375 0.10277777777777777
3 0.7109375 0.33402777777777776 0.1421875 0.5791666666666667
3 0.896875 0.3055555555555556 0.1234375 0.5638888888888889
3 0.083984375 0.7076388888888889 0.06015625 0.10694444444444444
3 0.435546875 0.63125 0.07421875 0.12916666666666668
3 0.52890625 0.6263888888888889 0.071875 0.09722222222222222
3 0.1546875 0.5284722222222222 0.05625 0.09305555555555556
0 0.312109375 0.11666666666666667 0.02734375 0.04722222222222222
1 0.63046875 0.6694444444444444 0.18203125 0.09444444444444444
1 0.97265625 0.8118055555555556 0.0546875 0.16527777777777777