3 0.042578125 0.35694444444444445 0.08515625 0.35
3 0.073828125 0.44513888888888886 0.08828125 0.16805555555555557
2 0.128125 0.6854166666666667 0.08125 0.19305555555555556
1 0.4609375 0.76875 0.8140625 0.45694444444444443
1 0.84375 0.55625 0.2015625 0.4597222222222222
1 0.487890625 0.71875 0.04765625 0.19305555555555556
1 0.580859375 0.6263888888888889 0.04609375 0.18611111111111112
1 0.43828125 0.7423611111111111 0.021875 0.2791666666666667
3 0.886328125 0.1701388888888889 0.12265625 0.25416666666666665
3 0.1703125 0.33541666666666664 0.0859375 0.29583333333333334
3 0.766796875 0.30069444444444443 0.08046875 0.1875
3 0.59375 0.35208333333333336 0.0796875 0.3458333333333333
3 0.643359375 0.34652777777777777 0.05390625 0.23194444444444445
3 0.34296875 0.5791666666666667 0.14375 0.3861111111111111
3 0.234375 0.32013888888888886 0.0640625 0.2625
3 0.210546875 0.41597222222222224 0.05859375 0.18194444444444444
3 0.96484375 0.4131944444444444 0.06875 0.19583333333333333
3 0.693359375 0.40347222222222223 0.09453125 0.20694444444444443
3 0.276171875 0.3659722222222222 0.06953125 0.3125
3 0.196484375 0.64375 0.08984375 0.3625
3 0.3453125 0.3229166666666667 0.0796875 0.22361111111111112
3 0.299609375 0.35208333333333336 0.06640625 0.1125
3 0.651171875 0.4152777777777778 0.03515625 0.09444444444444444
3 0.4578125 0.38472222222222224 0.2109375 0.5722222222222222
3 0.80234375 0.3597222222222222 0.0328125 0.041666666666666664
3 0.151953125 0.43819444444444444 0.05546875 0.09305555555555556
3 0.059765625 0.5138888888888888 0.02421875 0.04722222222222222
3 0.574609375 0.43125 0.06640625 0.20972222222222223
3 0.527734375 0.5194444444444445 0.08046875 0.2
3 0.70078125 0.26180555555555557 0.078125 0.10694444444444444
3 0.065234375 0.3902777777777778 0.04296875 0.06111111111111111
3 0.5234375 0.27847222222222223 0.075 0.31527777777777777
3 0.3 0.4076388888888889 0.0671875 0.2263888888888889