3 0.16171875 0.6659722222222222 0.1265625 0.1986111111111111
3 0.383984375 0.42777777777777776 0.59609375 0.8555555555555555
3 0.942578125 0.6340277777777777 0.11328125 0.2625
2 0.65546875 0.7722222222222223 0.0265625 0.15833333333333333
2 0.87578125 0.7965277777777777 0.0296875 0.2013888888888889
2 0.7078125 0.7861111111111111 0.0390625 0.18055555555555555
2 0.162890625 0.7111111111111111 0.04296875 0.12777777777777777
2 0.790234375 0.7861111111111111 0.02578125 0.1388888888888889
2 0.73671875 0.7756944444444445 0.0265625 0.15138888888888888
2 0.826171875 0.8069444444444445 0.04140625 0.17222222222222222
2 0.32890625 0.7465277777777778 0.01875 0.08194444444444444
2 0.08203125 0.7152777777777778 0.0296875 0.12222222222222222
2 0.76171875 0.7826388888888889 0.0234375 0.14305555555555555
2 0.11875 0.7166666666666667 0.034375 0.12222222222222222
2 0.105859375 0.71875 0.01796875 0.10972222222222222
3 0.834765625 0.22916666666666666 0.32890625 0.4583333333333333
3 0.727734375 0.4708333333333333 0.33203125 0.6166666666666667
3 0.592578125 0.675 0.21796875 0.3638888888888889
3 0.48203125 0.7041666666666667 0.0359375 0.06666666666666667
3 0.28046875 0.6895833333333333 0.05 0.06805555555555555
3 0.218359375 0.9270833333333334 0.36328125 0.14027777777777778
3 0.399609375 0.6930555555555555 0.03515625 0.06666666666666667