2 0.83203125 0.6291666666666667 0.009375 0.06111111111111111
2 0.562890625 0.6305555555555555 0.01171875 0.03611111111111111
2 0.212890625 0.6229166666666667 0.01171875 0.04861111111111111
2 0.546875 0.6048611111111111 0.0078125 0.04861111111111111
1 0.7296875 0.8125 0.5375 0.36944444444444446
1 0.878515625 0.8833333333333333 0.03515625 0.22777777777777777
3 0.21953125 0.38472222222222224 0.4390625 0.7694444444444445
3 0.694921875 0.46111111111111114 0.28515625 0.5166666666666667
3 0.46796875 0.4736111111111111 0.153125 0.4083333333333333
3 0.8890625 0.46944444444444444 0.2171875 0.39444444444444443
3 0.9484375 0.5194444444444445 0.1 0.275