2 0.701171875 0.7131944444444445 0.02109375 0.04583333333333333
2 0.898046875 0.7347222222222223 0.01484375 0.06388888888888888
2 0.941796875 0.7236111111111111 0.01953125 0.030555555555555555
2 0.97109375 0.7013888888888888 0.0109375 0.03888888888888889
2 0.91953125 0.7236111111111111 0.009375 0.025
2 0.636328125 0.7173611111111111 0.01171875 0.05138888888888889
1 0.384765625 0.8888888888888888 0.57265625 0.18888888888888888
1 0.38046875 0.7881944444444444 0.565625 0.39305555555555555
1 0.69609375 0.7375 0.603125 0.1
3 0.903515625 0.5395833333333333 0.08984375 0.3347222222222222
3 0.340234375 0.34791666666666665 0.17890625 0.6958333333333333
3 0.508984375 0.41805555555555557 0.12265625 0.5833333333333334
3 0.648046875 0.4131944444444444 0.10390625 0.20972222222222223
3 0.614453125 0.375 0.09453125 0.26666666666666666
3 0.708203125 0.5319444444444444 0.06484375 0.3194444444444444
3 0.821875 0.4798611111111111 0.0859375 0.1736111111111111
3 0.963671875 0.5333333333333333 0.07109375 0.15555555555555556
3 0.080078125 0.3368055555555556 0.16015625 0.6736111111111112
3 0.551171875 0.37222222222222223 0.08828125 0.32222222222222224
3 0.741015625 0.5520833333333334 0.05703125 0.28194444444444444
3 0.459375 0.44513888888888886 0.0484375 0.05138888888888889
3 0.041796875 0.21666666666666667 0.08359375 0.43333333333333335
3 0.57734375 0.6180555555555556 0.115625 0.24166666666666667
3 0.647265625 0.6048611111111111 0.08046875 0.25416666666666665
3 0.647265625 0.5180555555555556 0.10546875 0.41944444444444445
3 0.801171875 0.6048611111111111 0.13046875 0.20694444444444443
3 0.50234375 0.5923611111111111 0.10625 0.24027777777777778