3 0.16328125 0.4979166666666667 0.325 0.9958333333333333
2 0.517578125 0.6388888888888888 0.15546875 0.7194444444444444
2 0.8046875 0.6125 0.190625 0.7722222222222223
2 0.196484375 0.6229166666666667 0.03359375 0.13194444444444445
2 0.25078125 0.6166666666666667 0.025 0.13333333333333333
2 0.96640625 0.6805555555555556 0.065625 0.6361111111111111
2 0.03203125 0.8298611111111112 0.0640625 0.3375
2 0.919140625 0.5652777777777778 0.03359375 0.13333333333333333
1 0.400390625 0.6256944444444444 0.02578125 0.15208333333333332
1 0.396484375 0.6152777777777778 0.01796875 0.12777777777777777
3 0.6125 0.5541666666666667 0.1109375 0.12777777777777777
3 0.05625 0.034722222222222224 0.1125 0.06944444444444445
3 0.05859375 0.6986111111111111 0.1171875 0.24166666666666667
3 0.3140625 0.39791666666666664 0.04375 0.04583333333333333
3 0.2796875 0.4986111111111111 0.078125 0.9972222222222222
3 0.62265625 0.3375 0.0453125 0.044444444444444446
3 0.712109375 0.31527777777777777 0.03203125 0.044444444444444446