3 0.509765625 0.6055555555555555 0.44765625 0.5861111111111111
3 0.608203125 0.6333333333333333 0.23984375 0.49722222222222223
2 0.581640625 0.9097222222222222 0.11015625 0.17777777777777778
2 0.71640625 0.9041666666666667 0.065625 0.18888888888888888
2 0.843359375 0.8215277777777777 0.03046875 0.12916666666666668
3 0.3890625 0.6041666666666666 0.20625 0.5833333333333334
3 0.77265625 0.6895833333333333 0.1375 0.24027777777777778
3 0.685546875 0.6263888888888889 0.09609375 0.33055555555555555
3 0.848828125 0.9340277777777778 0.30078125 0.12638888888888888
3 0.7484375 0.7520833333333333 0.0625 0.11527777777777778
3 0.48046875 0.6951388888888889 0.15 0.3958333333333333