2 0.034375 0.7340277777777777 0.06875 0.3819444444444444
2 0.477734375 0.5326388888888889 0.03203125 0.10416666666666667
2 0.152734375 0.6229166666666667 0.04453125 0.1375
2 0.92890625 0.40069444444444446 0.021875 0.0625
2 0.9796875 0.4083333333333333 0.009375 0.05555555555555555
2 0.696875 0.4583333333333333 0.0125 0.06111111111111111
2 0.71953125 0.4597222222222222 0.025 0.08055555555555556
2 0.054296875 0.7138888888888889 0.06640625 0.225
2 0.744140625 0.4597222222222222 0.02265625 0.075
3 0.42421875 0.8361111111111111 0.65859375 0.32222222222222224
3 0.464453125 0.3784722222222222 0.19765625 0.3875
3 0.192578125 0.3159722222222222 0.38359375 0.6319444444444444
3 0.86484375 0.15486111111111112 0.26875 0.30972222222222223
3 0.39609375 0.5277777777777778 0.0453125 0.09444444444444444
3 0.326171875 0.39166666666666666 0.12890625 0.4
3 0.311328125 0.5284722222222222 0.05234375 0.13194444444444445
3 0.074609375 0.32708333333333334 0.14921875 0.6541666666666667