2 0.6984375 0.6680555555555555 0.009375 0.03888888888888889
2 0.352734375 0.6645833333333333 0.01015625 0.034722222222222224
2 0.0265625 0.6951388888888889 0.01875 0.10138888888888889
2 0.80078125 0.7069444444444445 0.0171875 0.06666666666666667
2 0.0109375 0.7076388888888889 0.021875 0.07916666666666666
1 0.458984375 0.7263888888888889 0.91640625 0.5388888888888889
1 0.4609375 0.8791666666666667 0.91875 0.2361111111111111
1 0.240625 0.7222222222222222 0.459375 0.5388888888888889
1 0.03515625 0.9256944444444445 0.0359375 0.14305555555555555
1 0.24140625 0.7548611111111111 0.0359375 0.09305555555555556
3 0.114453125 0.4979166666666667 0.22890625 0.4263888888888889
3 0.826953125 0.4979166666666667 0.34453125 0.9958333333333333
3 0.425 0.5576388888888889 0.028125 0.05416666666666667
3 0.59140625 0.675 0.1390625 0.2777777777777778
3 0.393359375 0.5590277777777778 0.02421875 0.043055555555555555
3 0.353515625 0.5402777777777777 0.03359375 0.09166666666666666
3 0.58671875 0.5034722222222222 0.234375 0.3402777777777778
3 0.4484375 0.5680555555555555 0.0328125 0.030555555555555555
3 0.2578125 0.6375 0.046875 0.125
3 0.333984375 0.55625 0.01328125 0.05138888888888889
3 0.2953125 0.6354166666666666 0.028125 0.09027777777777778