2 0.75234375 0.6486111111111111 0.040625 0.12222222222222222
2 0.6390625 0.6965277777777777 0.05625 0.12361111111111112
2 0.411328125 0.6833333333333333 0.01484375 0.06666666666666667
2 0.58671875 0.6069444444444444 0.0203125 0.08888888888888889
3 0.241015625 0.6902777777777778 0.28984375 0.4527777777777778
3 0.233203125 0.2875 0.12265625 0.19444444444444445
3 0.035546875 0.27569444444444446 0.07109375 0.24583333333333332
3 0.853515625 0.6534722222222222 0.14765625 0.2708333333333333
3 0.14765625 0.28194444444444444 0.2953125 0.24444444444444444
3 0.455859375 0.9020833333333333 0.27734375 0.19027777777777777
3 0.1484375 0.5444444444444444 0.296875 0.7694444444444445
3 0.8734375 0.6138888888888889 0.0359375 0.19166666666666668
3 0.136328125 0.33055555555555555 0.07578125 0.11944444444444445