2 0.125390625 0.8333333333333334 0.02109375 0.058333333333333334
2 0.55 0.94375 0.0375 0.10972222222222222
2 0.624609375 0.9236111111111112 0.02734375 0.15
2 0.515234375 0.9347222222222222 0.03828125 0.12777777777777777
2 0.665625 0.9291666666666667 0.034375 0.1388888888888889
2 0.809375 0.9493055555555555 0.034375 0.09861111111111111
2 0.641015625 0.9319444444444445 0.01953125 0.13333333333333333
2 0.5359375 0.9291666666666667 0.01875 0.1361111111111111
3 0.128125 0.6875 0.0625 0.09444444444444444
3 0.1390625 0.8840277777777777 0.0671875 0.11805555555555555
3 0.1828125 0.88125 0.1625 0.23194444444444445
3 0.211328125 0.6631944444444444 0.03359375 0.14027777777777778
3 0.01875 0.66875 0.0375 0.09027777777777778
3 0.1984375 0.8326388888888889 0.05 0.13472222222222222
3 0.198046875 0.9347222222222222 0.13203125 0.125
3 0.2125 0.6972222222222222 0.034375 0.06111111111111111
3 0.009765625 0.5743055555555555 0.01953125 0.06805555555555555
3 0.059375 0.6944444444444444 0.0359375 0.05