3 0.81796875 0.6402777777777777 0.1859375 0.4527777777777778
3 0.66015625 0.43125 0.64375 0.8625
2 0.93515625 0.79375 0.0375 0.18194444444444444
2 0.281640625 0.7201388888888889 0.03203125 0.14305555555555555
2 0.421875 0.7152777777777778 0.0328125 0.11666666666666667
2 0.23828125 0.7020833333333333 0.0359375 0.11527777777777778
2 0.3875 0.7194444444444444 0.028125 0.1111111111111111
2 0.127734375 0.6854166666666667 0.01171875 0.034722222222222224
2 0.719921875 0.7215277777777778 0.01484375 0.05138888888888889
2 0.66484375 0.7180555555555556 0.0140625 0.03611111111111111
2 0.344140625 0.7173611111111111 0.02890625 0.10972222222222222
2 0.56875 0.7527777777777778 0.01875 0.08055555555555556
2 0.360546875 0.7194444444444444 0.02265625 0.10833333333333334
3 0.083203125 0.31180555555555556 0.16640625 0.6236111111111111
3 0.41796875 0.6826388888888889 0.10625 0.1736111111111111
3 0.9046875 0.4305555555555556 0.1875 0.675
3 0.28203125 0.5361111111111111 0.0953125 0.25
3 0.519140625 0.6944444444444444 0.04609375 0.06111111111111111
3 0.280078125 0.4701388888888889 0.09140625 0.11805555555555555
3 0.51640625 0.9263888888888889 0.3140625 0.14166666666666666