3 0.2171875 0.7881944444444444 0.4328125 0.41388888888888886
2 0.800390625 0.7104166666666667 0.11796875 0.5263888888888889
2 0.43671875 0.5409722222222222 0.0375 0.09861111111111111
2 0.354296875 0.5548611111111111 0.04765625 0.10416666666666667
2 0.95234375 0.6590277777777778 0.09375 0.3902777777777778
2 0.278125 0.47430555555555554 0.0171875 0.09027777777777778
2 0.758984375 0.5083333333333333 0.01015625 0.06388888888888888
2 0.88046875 0.5458333333333333 0.0390625 0.1527777777777778
2 0.98671875 0.51875 0.025 0.07361111111111111
2 0.91875 0.6381944444444444 0.05625 0.3375
3 0.083984375 0.44583333333333336 0.16796875 0.4305555555555556
3 0.920703125 0.4013888888888889 0.11953125 0.18888888888888888
3 0.760546875 0.12152777777777778 0.28515625 0.24305555555555555
3 0.91875 0.16597222222222222 0.1609375 0.33194444444444443