1 0.649609375 0.3486111111111111 0.1546875 0.3451388888888889
1 0.499609375 0.8152777777777778 0.9984375 0.36180555555555555
3 0.524609375 0.2263888888888889 0.062109375 0.14930555555555555
3 0.409375 0.26319444444444445 0.105078125 0.2881944444444444
3 0.589453125 0.25069444444444444 0.08125 0.21944444444444444
3 0.328515625 0.15694444444444444 0.0953125 0.20277777777777778
3 0.149609375 0.1361111111111111 0.1109375 0.2722222222222222
3 0.287109375 0.12777777777777777 0.103125 0.25555555555555554
3 0.698828125 0.32430555555555557 0.062890625 0.32569444444444445
3 0.1203125 0.17222222222222222 0.067578125 0.09791666666666667
3 0.218359375 0.14166666666666666 0.105859375 0.2833333333333333
3 0.841015625 0.37430555555555556 0.316015625 0.6361111111111111
3 0.247265625 0.2833333333333333 0.0453125 0.22569444444444445
3 0.03203125 0.02361111111111111 0.062109375 0.04722222222222222
3 0.800390625 0.63125 0.114453125 0.14097222222222222
3 0.71171875 0.19791666666666666 0.033984375 0.07291666666666667
3 0.04453125 0.26180555555555557 0.0875 0.5236111111111111
3 0.416015625 0.35555555555555557 0.0328125 0.20208333333333334
3 0.362109375 0.30069444444444443 0.0515625 0.1909722222222222
3 0.43359375 0.28680555555555554 0.0609375 0.24375