1 0.60546875 0.6027777777777777 0.7671875 0.21666666666666667
1 0.611328125 0.5993055555555555 0.02109375 0.07361111111111111
1 0.51953125 0.6138888888888889 0.01875 0.08888888888888889
1 0.869140625 0.5361111111111111 0.01328125 0.07777777777777778
1 0.6921875 0.5881944444444445 0.0140625 0.05416666666666667
1 0.3734375 0.6583333333333333 0.0234375 0.06666666666666667
1 0.292578125 0.5729166666666666 0.02109375 0.07361111111111111
3 0.777734375 0.21597222222222223 0.15234375 0.43194444444444446
3 0.263671875 0.23958333333333334 0.07265625 0.2791666666666667
3 0.689453125 0.20625 0.11484375 0.3763888888888889
3 0.132421875 0.23194444444444445 0.09453125 0.24166666666666667
3 0.533984375 0.16944444444444445 0.07578125 0.10555555555555556
3 0.080078125 0.38263888888888886 0.07734375 0.19583333333333333
3 0.2109375 0.2611111111111111 0.0953125 0.21666666666666667
3 0.327734375 0.20416666666666666 0.08671875 0.1361111111111111
3 0.18046875 0.28402777777777777 0.034375 0.1625
3 0.486328125 0.1625 0.05234375 0.1
3 0.44609375 0.16319444444444445 0.053125 0.0875
3 0.070703125 0.22291666666666668 0.13046875 0.3902777777777778
3 0.971875 0.44513888888888886 0.0546875 0.18472222222222223
3 0.215234375 0.20694444444444443 0.08671875 0.10833333333333334
3 0.47890625 0.16666666666666666 0.1890625 0.10833333333333334
3 0.273828125 0.29583333333333334 0.04140625 0.14722222222222223
3 0.4078125 0.16111111111111112 0.04375 0.075
3 0.084765625 0.17152777777777778 0.09453125 0.2513888888888889