3 0.764453125 0.4625 0.28984375 0.925
2 0.31796875 0.7354166666666667 0.053125 0.30694444444444446
2 0.948828125 0.8319444444444445 0.10078125 0.3333333333333333
2 0.540625 0.8006944444444445 0.0796875 0.3958333333333333
2 0.428515625 0.7826388888888889 0.07109375 0.42916666666666664
2 0.4875 0.7451388888888889 0.0515625 0.3402777777777778
2 0.369140625 0.7305555555555555 0.05390625 0.29444444444444445
3 0.05078125 0.8180555555555555 0.1 0.24722222222222223
3 0.225 0.71875 0.0640625 0.13472222222222222
3 0.7734375 0.84375 0.046875 0.2125
3 0.38125 0.3215277777777778 0.2390625 0.6430555555555556
3 0.3046875 0.33125 0.6046875 0.6625
3 0.22265625 0.3416666666666667 0.23125 0.6166666666666667
3 0.519921875 0.46041666666666664 0.25390625 0.31805555555555554
3 0.8640625 0.65 0.1265625 0.24722222222222223