2 0.86640625 0.61875 0.009375 0.05694444444444444
2 0.5921875 0.6208333333333333 0.0109375 0.03611111111111111
2 0.2453125 0.6111111111111112 0.0078125 0.044444444444444446
2 0.008984375 0.6444444444444445 0.01796875 0.10555555555555556
2 0.37734375 0.6333333333333333 0.0140625 0.04722222222222222
2 0.641796875 0.6236111111111111 0.01015625 0.03611111111111111
2 0.96875 0.6604166666666667 0.0125 0.05138888888888889
1 0.7421875 0.8055555555555556 0.5125 0.38333333333333336
1 0.744140625 0.7895833333333333 0.03203125 0.15416666666666667
1 0.821875 0.8659722222222223 0.034375 0.18194444444444444
1 0.914453125 0.8798611111111111 0.03046875 0.2152777777777778
3 0.23359375 0.3784722222222222 0.4671875 0.7569444444444444
3 0.7234375 0.44930555555555557 0.2859375 0.5180555555555556
3 0.901171875 0.4597222222222222 0.19609375 0.4027777777777778
3 0.51171875 0.45694444444444443 0.175 0.41388888888888886
3 0.838671875 0.4513888888888889 0.09921875 0.3888888888888889