3 0.332421875 0.5840277777777778 0.29765625 0.4152777777777778
3 0.296484375 0.7069444444444445 0.06640625 0.15833333333333333
2 0.246875 0.8583333333333333 0.065625 0.23333333333333334
2 0.014453125 0.8270833333333333 0.02109375 0.09861111111111111
2 0.035546875 0.8222222222222222 0.02109375 0.09444444444444444
2 0.0640625 0.7993055555555556 0.0125 0.04583333333333333
2 0.433984375 0.7173611111111111 0.01640625 0.0763888888888889
2 0.191796875 0.8694444444444445 0.04453125 0.24166666666666667
2 0.08046875 0.7930555555555555 0.0125 0.05
3 0.134765625 0.625 0.20234375 0.31666666666666665
3 0.297265625 0.7381944444444445 0.02578125 0.09027777777777778