2 0.38359375 0.7625 0.0921875 0.45069444444444445
2 0.590625 0.8076388888888889 0.110546875 0.38055555555555554
2 0.4609375 0.7284722222222222 0.080078125 0.4270833333333333
2 0.474609375 0.8548611111111111 0.107421875 0.28888888888888886
2 0.566015625 0.8576388888888888 0.089453125 0.2833333333333333
3 0.15703125 0.35 0.2640625 0.40208333333333335
3 0.862109375 0.10694444444444444 0.273828125 0.21388888888888888
3 0.16484375 0.8131944444444444 0.283984375 0.36944444444444446
3 0.229296875 0.42430555555555555 0.103515625 0.2590277777777778
3 0.5421875 0.021527777777777778 0.041796875 0.04236111111111111
3 0.615234375 0.05138888888888889 0.024609375 0.04722222222222222