1 0.490625 0.6083333333333333 0.3109375 0.24444444444444444
3 0.676171875 0.6305555555555555 0.12109375 0.2722222222222222
2 0.5875 0.6368055555555555 0.04375 0.2513888888888889
2 0.530859375 0.6409722222222223 0.03828125 0.2263888888888889
2 0.4953125 0.6305555555555555 0.0484375 0.225
2 0.098828125 0.5555555555555556 0.02265625 0.09166666666666666
2 0.971484375 0.6520833333333333 0.04453125 0.13194444444444445
2 0.043359375 0.5493055555555556 0.01640625 0.0625
2 0.134375 0.5423611111111111 0.0109375 0.04861111111111111
3 0.96875 0.4527777777777778 0.0609375 0.26944444444444443
3 0.120703125 0.3263888888888889 0.09296875 0.11388888888888889
3 0.244140625 0.7034722222222223 0.35703125 0.5875
3 0.32109375 0.4 0.08125 0.14722222222222223
3 0.4875 0.42083333333333334 0.0484375 0.14722222222222223
3 0.3921875 0.4395833333333333 0.05 0.1597222222222222
3 0.66796875 0.41875 0.05625 0.1597222222222222
3 0.448046875 0.42083333333333334 0.05546875 0.14444444444444443
3 0.085546875 0.5020833333333333 0.09921875 0.13194444444444445
3 0.922265625 0.4326388888888889 0.05703125 0.11527777777777778
3 0.796484375 0.41597222222222224 0.10078125 0.26805555555555555
3 0.627734375 0.4173611111111111 0.04453125 0.15694444444444444
3 0.554296875 0.4388888888888889 0.04921875 0.11666666666666667
3 0.524609375 0.41388888888888886 0.04921875 0.1527777777777778
3 0.741015625 0.4173611111111111 0.05078125 0.1875
3 0.45625 0.4625 0.040625 0.06111111111111111
3 0.858984375 0.4791666666666667 0.06953125 0.2388888888888889
3 0.7078125 0.44722222222222224 0.0453125 0.14444444444444443
3 0.5890625 0.40069444444444446 0.05625 0.13194444444444445
3 0.52109375 0.4666666666666667 0.0484375 0.06111111111111111
3 0.18203125 0.37777777777777777 0.034375 0.027777777777777776
3 0.304296875 0.40625 0.04765625 0.11805555555555555
3 0.54140625 0.5673611111111111 0.0609375 0.14027777777777778
3 0.913671875 0.5319444444444444 0.07734375 0.3138888888888889
3 0.85859375 0.41180555555555554 0.06875 0.10694444444444444