2 0.715625 0.73125 0.040625 0.16527777777777777
2 0.43359375 0.4895833333333333 0.01875 0.0875
2 0.92578125 0.7229166666666667 0.053125 0.18194444444444444
2 0.12109375 0.48194444444444445 0.0171875 0.06666666666666667
2 0.523828125 0.4625 0.01171875 0.07222222222222222
2 0.185546875 0.4826388888888889 0.01484375 0.0763888888888889
2 0.686328125 0.4673611111111111 0.01796875 0.06805555555555555
2 0.88984375 0.7618055555555555 0.0671875 0.10416666666666667
2 0.17578125 0.48680555555555555 0.01875 0.07361111111111111
2 0.934765625 0.4125 0.01328125 0.06111111111111111
2 0.7 0.4701388888888889 0.0140625 0.08194444444444444
2 0.558203125 0.3416666666666667 0.00546875 0.027777777777777776
2 0.756640625 0.5236111111111111 0.02265625 0.11666666666666667
2 0.978515625 0.7208333333333333 0.04140625 0.20555555555555555
2 0.531640625 0.5354166666666667 0.01796875 0.09583333333333334
2 0.7875 0.5305555555555556 0.025 0.11666666666666667
1 0.475 0.4673611111111111 0.03125 0.14583333333333334
1 0.5 0.43125 0.01875 0.11527777777777778
1 0.21328125 0.41805555555555557 0.03125 0.06944444444444445
3 0.819140625 0.2847222222222222 0.15546875 0.3055555555555556
3 0.184375 0.2659722222222222 0.034375 0.09861111111111111
3 0.1 0.2722222222222222 0.0359375 0.08055555555555556
3 0.271484375 0.21805555555555556 0.03203125 0.1
3 0.36796875 0.26458333333333334 0.03125 0.08194444444444444
3 0.3390625 0.2659722222222222 0.0265625 0.09027777777777778
3 0.747265625 0.23402777777777778 0.04140625 0.09027777777777778
3 0.404296875 0.2708333333333333 0.02421875 0.08611111111111111
3 0.46015625 0.26805555555555555 0.0234375 0.06666666666666667
3 0.647265625 0.2611111111111111 0.03828125 0.15833333333333333
3 0.429296875 0.26944444444444443 0.02109375 0.075
3 0.689453125 0.2638888888888889 0.03515625 0.16111111111111112
3 0.58359375 0.2638888888888889 0.0453125 0.1361111111111111
3 0.48984375 0.26458333333333334 0.021875 0.07083333333333333
3 0.61171875 0.26180555555555557 0.0359375 0.14027777777777778
3 0.15 0.27708333333333335 0.0296875 0.08472222222222223
3 0.56171875 0.4236111111111111 0.021875 0.05
3 0.746875 0.28680555555555554 0.0421875 0.19583333333333333
3 0.566015625 0.2375 0.06484375 0.18888888888888888
3 0.708984375 0.26319444444444445 0.02734375 0.10138888888888889
3 0.548828125 0.2513888888888889 0.03203125 0.16111111111111112
3 0.515625 0.2638888888888889 0.0171875 0.07222222222222222
3 0.508984375 0.2590277777777778 0.02734375 0.08194444444444444
3 0.599609375 0.2388888888888889 0.13359375 0.19444444444444445
3 0.580859375 0.1736111111111111 0.02890625 0.06111111111111111
3 0.243359375 0.25555555555555554 0.03828125 0.10833333333333334
3 0.307421875 0.25972222222222224 0.02734375 0.05277777777777778