3 0.87578125 0.40694444444444444 0.2453125 0.7194444444444444
2 0.652734375 0.4388888888888889 0.08359375 0.46944444444444444
2 0.57265625 0.43125 0.09375 0.4708333333333333
2 0.480859375 0.44166666666666665 0.08671875 0.4638888888888889
2 0.412890625 0.45069444444444445 0.07578125 0.41805555555555557
2 0.3578125 0.44375 0.0765625 0.39305555555555555
2 0.93203125 0.4701388888888889 0.065625 0.2013888888888889
2 0.269140625 0.41458333333333336 0.07421875 0.3763888888888889
3 0.90625 0.24375 0.184375 0.3875
3 0.7984375 0.29444444444444445 0.090625 0.24444444444444444
3 0.371484375 0.14027777777777778 0.08359375 0.26944444444444443