2 0.435546875 0.4340277777777778 0.009375 0.03333333333333333
2 0.496484375 0.4548611111111111 0.015625 0.075
2 0.451953125 0.44305555555555554 0.0109375 0.06180555555555556
3 0.7625 0.5791666666666667 0.475 0.6472222222222223
1 0.846484375 0.27708333333333335 0.019921875 0.03263888888888889
3 0.5328125 0.2673611111111111 0.16875 0.3715277777777778
3 0.052734375 0.41180555555555554 0.10546875 0.38472222222222224
3 0.95859375 0.3902777777777778 0.081640625 0.19166666666666668
3 0.312109375 0.24722222222222223 0.348828125 0.49444444444444446
3 0.816796875 0.36875 0.154296875 0.2
3 0.626953125 0.4076388888888889 0.1015625 0.13819444444444445
3 0.450390625 0.3659722222222222 0.074609375 0.17777777777777778
3 0.763671875 0.2222222222222222 0.0625 0.07013888888888889
3 0.327734375 0.32013888888888886 0.179296875 0.36180555555555555
3 0.697265625 0.44166666666666665 0.070703125 0.10208333333333333
3 0.868359375 0.24861111111111112 0.051171875 0.07152777777777777
3 0.77421875 0.5319444444444444 0.043359375 0.12152777777777778
3 0.687109375 0.21041666666666667 0.085546875 0.09097222222222222
3 0.38984375 0.3423611111111111 0.062890625 0.2590277777777778
3 0.162109375 0.4756944444444444 0.056640625 0.11944444444444445
3 0.79921875 0.41875 0.105859375 0.10486111111111111