3 0.39140625 0.825 0.037109375 0.09652777777777778
3 0.373828125 0.4798611111111111 0.026953125 0.08541666666666667
3 0.351953125 0.48680555555555555 0.028515625 0.07430555555555556
3 0.66953125 0.7986111111111112 0.0359375 0.10069444444444445
3 0.6265625 0.7847222222222222 0.035546875 0.08263888888888889
3 0.123046875 0.84375 0.031640625 0.08125
3 0.030078125 0.8715277777777778 0.059375 0.23333333333333334
3 0.520703125 0.08541666666666667 0.023828125 0.04375
3 0.40703125 0.13958333333333334 0.021484375 0.05555555555555555
3 0.670703125 0.5243055555555556 0.033203125 0.06875
3 0.985546875 0.38263888888888886 0.0265625 0.05625
3 0.102734375 0.30486111111111114 0.04375 0.09722222222222222
3 0.505078125 0.7930555555555555 0.034765625 0.13402777777777777
3 0.708203125 0.09583333333333334 0.034375 0.075
3 0.5921875 0.7923611111111111 0.036328125 0.07222222222222222
3 0.151953125 0.39166666666666666 0.026953125 0.07430555555555556
3 0.340625 0.36666666666666664 0.038671875 0.06458333333333334
3 0.75234375 0.2361111111111111 0.027734375 0.07222222222222222
3 0.656640625 0.8729166666666667 0.034375 0.08125
3 0.545703125 0.5006944444444444 0.026171875 0.09652777777777778
3 0.12890625 0.7777777777777778 0.033984375 0.05763888888888889
3 0.337890625 0.2604166666666667 0.040234375 0.06736111111111111
3 0.344140625 0.8708333333333333 0.028515625 0.07152777777777777
3 0.209375 0.50625 0.0375 0.07708333333333334
3 0.353515625 0.8777777777777778 0.0484375 0.08541666666666667
3 0.115234375 0.24375 0.035546875 0.08611111111111111
3 0.875390625 0.8118055555555556 0.040234375 0.06666666666666667
3 0.633203125 0.48680555555555555 0.025 0.06319444444444444
3 0.619921875 0.18611111111111112 0.012109375 0.04791666666666667
3 0.271484375 0.8020833333333334 0.0328125 0.06597222222222222
3 0.58984375 0.49444444444444446 0.027734375 0.08333333333333333
3 0.478515625 0.6020833333333333 0.019921875 0.049305555555555554
3 0.6078125 0.8645833333333334 0.032421875 0.09236111111111112
3 0.125390625 0.5923611111111111 0.038671875 0.058333333333333334
3 0.630859375 0.8659722222222223 0.030859375 0.09444444444444444
3 0.78046875 0.3590277777777778 0.0265625 0.07222222222222222
3 0.393359375 0.32013888888888886 0.037890625 0.06319444444444444
3 0.25078125 0.4875 0.021484375 0.08819444444444445
3 0.234765625 0.4875 0.025390625 0.08055555555555556
3 0.539453125 0.8645833333333334 0.0296875 0.09652777777777778
3 0.612109375 0.48541666666666666 0.023828125 0.06388888888888888
3 0.561328125 0.8597222222222223 0.0328125 0.10486111111111111
3 0.3640625 0.05625 0.026171875 0.03958333333333333
3 0.742578125 0.8729166666666667 0.034765625 0.08680555555555555
3 0.435546875 0.4465277777777778 0.016796875 0.03819444444444445
3 0.698046875 0.5180555555555556 0.021484375 0.09166666666666666
3 0.474609375 0.6902777777777778 0.01875 0.04513888888888889
3 0.346484375 0.6784722222222223 0.028125 0.09097222222222222
3 0.437109375 0.30694444444444446 0.054296875 0.08819444444444445
3 0.304296875 0.3416666666666667 0.027734375 0.059027777777777776
3 0.694921875 0.8048611111111111 0.033203125 0.06458333333333334
3 0.5046875 0.5138888888888888 0.030078125 0.08125
3 0.71875 0.8 0.032421875 0.08541666666666667
3 0.291015625 0.49375 0.025390625 0.07777777777777778
3 0.782421875 0.29444444444444445 0.023046875 0.059027777777777776
3 0.270703125 0.48819444444444443 0.0234375 0.08125
3 0.2328125 0.3104166666666667 0.015625 0.03611111111111111
3 0.19453125 0.6673611111111111 0.1015625 0.39652777777777776
3 0.952734375 0.04097222222222222 0.0171875 0.03888888888888889
3 0.36328125 0.89375 0.028515625 0.05347222222222222
3 0.603125 0.18611111111111112 0.019921875 0.059027777777777776
3 0.124609375 0.40625 0.021484375 0.06666666666666667
3 0.046875 0.2847222222222222 0.0125 0.058333333333333334
3 0.445703125 0.5965277777777778 0.022265625 0.06388888888888888
3 0.584375 0.8659722222222223 0.029296875 0.09375
3 0.524609375 0.55625 0.0203125 0.044444444444444446
3 0.38828125 0.03125 0.022265625 0.04513888888888889
3 0.511328125 0.5173611111111112 0.017578125 0.06736111111111111
3 0.1203125 0.49722222222222223 0.039453125 0.08125
1 0.49609375 0.60625 0.017578125 0.03958333333333333
3 0.8265625 0.5229166666666667 0.023828125 0.06666666666666667
3 0.719140625 0.37430555555555556 0.021484375 0.06180555555555556
3 0.385546875 0.6104166666666667 0.023828125 0.05347222222222222
3 0.416015625 0.7583333333333333 0.024609375 0.04652777777777778
3 0.437109375 0.6979166666666666 0.0203125 0.03888888888888889
3 0.3609375 0.5993055555555555 0.019921875 0.06944444444444445
3 0.645703125 0.19791666666666666 0.016015625 0.03125
3 0.321484375 0.8152777777777778 0.023046875 0.08055555555555556
3 0.28671875 0.8854166666666666 0.0265625 0.05
3 0.4484375 0.1423611111111111 0.0125 0.058333333333333334
3 0.8125 0.4840277777777778 0.023046875 0.05555555555555555
3 0.151953125 0.02638888888888889 0.028515625 0.05277777777777778
3 0.031640625 0.8034722222222223 0.043359375 0.08611111111111111
3 0.663671875 0.8375 0.280078125 0.18611111111111112
3 0.233984375 0.6798611111111111 0.180859375 0.4673611111111111
3 0.544140625 0.3173611111111111 0.017578125 0.04513888888888889
3 0.190234375 0.07916666666666666 0.0265625 0.14375
3 0.259765625 0.8402777777777778 0.118359375 0.14375
0 0.574609375 0.9680555555555556 0.025390625 0.021527777777777778
0 0.505859375 0.9652777777777778 0.025390625 0.01597222222222222
0 0.271875 0.9666666666666667 0.023828125 0.01875
0 0.188671875 0.9541666666666667 0.025 0.021527777777777778
0 0.21796875 0.9215277777777777 0.024609375 0.021527777777777778
0 0.053125 0.06875 0.007421875 0.011805555555555555
0 0.080859375 0.5770833333333333 0.0109375 0.022916666666666665
0 0.8171875 0.9472222222222222 0.026953125 0.03333333333333333
0 0.06953125 0.2881944444444444 0.008984375 0.016666666666666666
0 0.076953125 0.44722222222222224 0.009765625 0.02013888888888889
0 0.084375 0.04791666666666667 0.007421875 0.013194444444444444
0 0.142578125 0.9076388888888889 0.0234375 0.025
0 0.31875 0.9270833333333334 0.025 0.025694444444444443
0 0.180859375 0.9243055555555556 0.021875 0.022916666666666665
0 0.691796875 0.9652777777777778 0.0265625 0.01597222222222222
0 0.136328125 0.9305555555555556 0.028125 0.027777777777777776
0 0.909765625 0.9888888888888889 0.031640625 0.02013888888888889
0 0.078515625 0.9756944444444444 0.0140625 0.03958333333333333
0 0.061328125 0.2590277777777778 0.008203125 0.014583333333333334
0 0.086328125 0.13680555555555557 0.007421875 0.013888888888888888
0 0.302734375 0.8263888888888888 0.009765625 0.01597222222222222
0 0.84609375 0.9097222222222222 0.0140625 0.03611111111111111
0 0.0421875 0.9930555555555556 0.017578125 0.011805555555555555
0 0.073828125 0.2388888888888889 0.007421875 0.013194444444444444
0 0.073046875 0.06875 0.006640625 0.013888888888888888
0 0.875390625 0.9895833333333334 0.029296875 0.01875
0 0.067578125 0.04097222222222222 0.00625 0.010416666666666666
0 0.016015625 0.47708333333333336 0.0109375 0.022222222222222223
0 0.775 0.9854166666666667 0.028125 0.024305555555555556
0 0.015234375 0.5381944444444444 0.009375 0.021527777777777778
0 0.823046875 0.6506944444444445 0.014453125 0.03125
0 0.808984375 0.9881944444444445 0.030078125 0.022222222222222223
0 0.845703125 0.9888888888888889 0.030859375 0.02013888888888889
0 0.749609375 0.9375 0.023046875 0.022916666666666665
0 0.84140625 0.7319444444444444 0.012890625 0.03263888888888889
0 0.021875 0.31319444444444444 0.008203125 0.01597222222222222
0 0.12109375 0.7152777777777778 0.0140625 0.034027777777777775
0 0.819140625 0.9097222222222222 0.021875 0.041666666666666664
0 0.09296875 0.4479166666666667 0.008984375 0.017361111111111112
0 0.8046875 0.7576388888888889 0.014453125 0.02847222222222222
0 0.82265625 0.8604166666666667 0.0171875 0.03263888888888889
0 0.741015625 0.9833333333333333 0.027734375 0.024305555555555556
0 0.869921875 0.8625 0.016796875 0.03819444444444445
0 0.36171875 0.9659722222222222 0.015234375 0.014583333333333334
0 0.086328125 0.32708333333333334 0.007421875 0.016666666666666666
0 0.113671875 0.8034722222222223 0.0125 0.03819444444444445
0 0.816015625 0.8236111111111111 0.017578125 0.03819444444444445
0 0.809765625 0.7895833333333333 0.0171875 0.030555555555555555
0 0.1609375 0.86875 0.01875 0.022916666666666665
0 0.94765625 0.9909722222222223 0.028515625 0.01597222222222222
0 0.34921875 0.9284722222222223 0.0234375 0.024305555555555556
0 0.790234375 0.6854166666666667 0.0140625 0.025694444444444443
0 0.987890625 0.9354166666666667 0.015625 0.024305555555555556
0 0.98359375 0.8861111111111111 0.019140625 0.01875
0 0.744140625 0.9631944444444445 0.026953125 0.021527777777777778
0 0.98359375 0.99375 0.031640625 0.010416666666666666
1 0.41484375 0.6111111111111112 0.0390625 0.058333333333333334
1 0.343359375 0.3375 0.0546875 0.03125
1 0.507421875 0.6861111111111111 0.0484375 0.06666666666666667
1 0.558203125 0.6881944444444444 0.02265625 0.06458333333333334
1 0.41953125 0.69375 0.019140625 0.049305555555555554