2 0.6421875 0.1326388888888889 0.011328125 0.03611111111111111
1 0.192578125 0.5673611111111111 0.1546875 0.075
3 0.348828125 0.16805555555555557 0.041015625 0.09930555555555555
3 0.554296875 0.07291666666666667 0.041015625 0.05347222222222222
3 0.721484375 0.3416666666666667 0.030859375 0.05347222222222222
3 0.769140625 0.2388888888888889 0.0234375 0.09236111111111112
3 0.82421875 0.2604166666666667 0.0265625 0.05347222222222222
3 0.273046875 0.6611111111111111 0.0296875 0.06111111111111111
3 0.178515625 0.3993055555555556 0.1 0.16944444444444445
3 0.562109375 0.5694444444444444 0.026953125 0.08333333333333333
3 0.1546875 0.6576388888888889 0.10625 0.15902777777777777
3 0.394921875 0.925 0.045703125 0.13125
3 0.7421875 0.24097222222222223 0.021875 0.08402777777777778
3 0.719921875 0.225 0.022265625 0.08680555555555555
3 0.81875 0.6618055555555555 0.023046875 0.052083333333333336
3 0.325 0.02847222222222222 0.035546875 0.05625
3 0.537109375 0.4548611111111111 0.0234375 0.04791666666666667
3 0.1625 0.017361111111111112 0.028125 0.034722222222222224
3 0.2984375 0.2076388888888889 0.023046875 0.03819444444444445
3 0.441796875 0.9465277777777777 0.037890625 0.09375
3 0.200390625 0.41180555555555554 0.056640625 0.14444444444444443
3 0.883203125 0.2652777777777778 0.029296875 0.041666666666666664
3 0.073046875 0.6381944444444444 0.078125 0.14097222222222222
3 0.283984375 0.03888888888888889 0.037109375 0.044444444444444446
3 0.426953125 0.1701388888888889 0.025 0.11319444444444444
3 0.592578125 0.5284722222222222 0.037109375 0.04097222222222222
3 0.75546875 0.014583333333333334 0.027734375 0.02847222222222222
3 0.119921875 0.5326388888888889 0.047265625 0.07291666666666667
3 0.884765625 0.1076388888888889 0.048828125 0.11180555555555556
3 0.363671875 0.6131944444444445 0.094921875 0.14930555555555555
3 0.658984375 0.5131944444444444 0.033203125 0.050694444444444445
3 0.359375 0.5409722222222222 0.207421875 0.2965277777777778
3 0.81953125 0.8069444444444445 0.028515625 0.07152777777777777
3 0.15546875 0.38819444444444445 0.053515625 0.14652777777777778
3 0.465234375 0.48819444444444443 0.012109375 0.059027777777777776
3 0.527734375 0.7131944444444445 0.0171875 0.07847222222222222
3 0.787109375 0.6576388888888889 0.0171875 0.034027777777777775
3 0.279296875 0.7090277777777778 0.026171875 0.019444444444444445
3 0.384765625 0.15347222222222223 0.026953125 0.1076388888888889
3 0.300390625 0.5180555555555556 0.089453125 0.12291666666666666
3 0.39609375 0.03333333333333333 0.062890625 0.05763888888888889
3 0.859765625 0.07777777777777778 0.028515625 0.06875
3 0.266015625 0.20277777777777778 0.025 0.04791666666666667
3 0.524609375 0.4840277777777778 0.017578125 0.06736111111111111
3 0.264453125 0.6041666666666666 0.019140625 0.03611111111111111
3 0.411328125 0.029861111111111113 0.0328125 0.049305555555555554
3 0.761328125 0.04236111111111111 0.024609375 0.041666666666666664
3 0.4015625 0.47708333333333336 0.120703125 0.16597222222222222
0 0.969140625 0.2965277777777778 0.025 0.02847222222222222