2 0.47109375 0.6298611111111111 0.021875 0.13472222222222222
2 0.764453125 0.6131944444444445 0.03046875 0.12916666666666668
2 0.250390625 0.6159722222222223 0.02109375 0.09861111111111111
2 0.60625 0.6138888888888889 0.01875 0.1388888888888889
2 0.616015625 0.6236111111111111 0.01953125 0.125
2 0.780859375 0.6180555555555556 0.01953125 0.13333333333333333
2 0.430078125 0.6423611111111112 0.02890625 0.16527777777777777
2 0.66171875 0.5951388888888889 0.0203125 0.07083333333333333
2 0.69765625 0.625 0.01875 0.11666666666666667
3 0.1 0.39791666666666664 0.2 0.37083333333333335
3 0.273046875 0.5090277777777777 0.09140625 0.24583333333333332
3 0.69921875 0.33819444444444446 0.16875 0.6763888888888889
3 0.3296875 0.3861111111111111 0.1328125 0.38055555555555554
3 0.90625 0.7979166666666667 0.1859375 0.39861111111111114
3 0.495703125 0.3375 0.27734375 0.675
3 0.413671875 0.45208333333333334 0.08828125 0.43333333333333335
3 0.610546875 0.34305555555555556 0.12421875 0.6861111111111111
2 0.06953125 0.6451388888888889 0.033984375 0.1736111111111111
2 0.12421875 0.6458333333333334 0.02890625 0.15
2 0.094921875 0.6423611111111112 0.02734375 0.15208333333333332
2 0.16796875 0.6243055555555556 0.0171875 0.11944444444444445
2 0.185546875 0.63125 0.025390625 0.11805555555555555
2 0.224609375 0.6354166666666666 0.028515625 0.12916666666666668
2 0.34296875 0.6305555555555555 0.02890625 0.14375
2 0.37890625 0.6423611111111112 0.03203125 0.17083333333333334
2 0.020703125 0.6347222222222222 0.022265625 0.0875