2 0.827734375 0.5777777777777777 0.03359375 0.12222222222222222
2 0.928515625 0.5895833333333333 0.03359375 0.1125
2 0.12578125 0.4888888888888889 0.034375 0.1
2 0.882421875 0.5618055555555556 0.01328125 0.04027777777777778
2 0.32109375 0.5486111111111112 0.0421875 0.08611111111111111
3 0.69453125 0.6701388888888888 0.340625 0.5736111111111111
3 0.39140625 0.45416666666666666 0.234375 0.3611111111111111
3 0.164453125 0.6 0.12265625 0.18055555555555555
3 0.9609375 0.4861111111111111 0.0765625 0.24722222222222223
3 0.46875 0.65625 0.1203125 0.1875
3 0.04375 0.6666666666666666 0.0875 0.2777777777777778
3 0.8296875 0.48333333333333334 0.1015625 0.19166666666666668
3 0.2421875 0.49930555555555556 0.0859375 0.13194444444444445