3 0.26015625 0.7631944444444444 0.162109375 0.27152777777777776
3 0.16171875 0.39652777777777776 0.0984375 0.16597222222222222
3 0.509765625 0.21597222222222223 0.261328125 0.4305555555555556
3 0.730078125 0.7395833333333334 0.184765625 0.3090277777777778
3 0.81875 0.7909722222222222 0.360546875 0.41180555555555554
3 0.377734375 0.8201388888888889 0.115234375 0.2298611111111111
3 0.535546875 0.2826388888888889 0.179296875 0.30277777777777776
3 0.65390625 0.21597222222222223 0.5515625 0.43125
3 0.4671875 0.7715277777777778 0.098046875 0.21597222222222223
3 0.861328125 0.26319444444444445 0.155078125 0.20902777777777778
3 0.465234375 0.13680555555555557 0.171484375 0.27291666666666664
3 0.79296875 0.10486111111111111 0.271875 0.20972222222222223