2 0.5328125 0.7673611111111112 0.0140625 0.04583333333333333
2 0.9765625 0.7173611111111111 0.0203125 0.0875
2 0.900390625 0.7263888888888889 0.03359375 0.08055555555555556
2 0.438671875 0.7833333333333333 0.01171875 0.04722222222222222
2 0.43125 0.6645833333333333 0.0109375 0.018055555555555554
2 0.12578125 0.8458333333333333 0.0109375 0.03333333333333333
2 0.47734375 0.6548611111111111 0.0125 0.02361111111111111
2 0.64765625 0.7597222222222222 0.028125 0.05
1 0.733984375 0.7895833333333333 0.52890625 0.4152777777777778
1 0.73515625 0.8930555555555556 0.5265625 0.20833333333333334
1 0.8625 0.7520833333333333 0.2609375 0.3402777777777778
3 0.90859375 0.4979166666666667 0.140625 0.49027777777777776
3 0.125390625 0.5069444444444444 0.22890625 0.7916666666666666
3 0.080078125 0.09583333333333334 0.16015625 0.19166666666666668
3 0.978515625 0.2569444444444444 0.04140625 0.175
3 0.021484375 0.3125 0.04296875 0.21388888888888888
3 0.04453125 0.9145833333333333 0.0890625 0.16527777777777777
3 0.2546875 0.6451388888888889 0.1328125 0.1125
3 0.609375 0.7479166666666667 0.0421875 0.06805555555555555
3 0.387890625 0.8180555555555555 0.09296875 0.10277777777777777
3 0.984765625 0.43333333333333335 0.02890625 0.044444444444444446
3 0.080078125 0.20972222222222223 0.16015625 0.41944444444444445
3 0.978515625 0.41180555555555554 0.04140625 0.4875