1 0.228125 0.42083333333333334 0.117578125 0.05486111111111111
3 0.44765625 0.9229166666666667 0.090234375 0.15
3 0.163671875 0.26875 0.109765625 0.15069444444444444
3 0.221875 0.55625 0.101953125 0.175
3 0.369921875 0.9534722222222223 0.075 0.09097222222222222
3 0.31875 0.3763888888888889 0.088671875 0.13055555555555556
3 0.127734375 0.45 0.030859375 0.09652777777777778
3 0.870703125 0.9076388888888889 0.075 0.1326388888888889
3 0.253515625 0.020833333333333332 0.040625 0.041666666666666664
3 0.53984375 0.7201388888888889 0.0421875 0.08819444444444445
3 0.416015625 0.3034722222222222 0.126171875 0.14791666666666667
3 0.430859375 0.45208333333333334 0.0796875 0.17569444444444443
3 0.686328125 0.12152777777777778 0.027734375 0.05347222222222222
3 0.95390625 0.06736111111111111 0.072265625 0.1326388888888889
3 0.341796875 0.5270833333333333 0.037109375 0.07777777777777778
3 0.135546875 0.5493055555555556 0.078125 0.13402777777777777
3 0.7390625 0.02847222222222222 0.026953125 0.05277777777777778
3 0.089453125 0.53125 0.025390625 0.16458333333333333
3 0.207421875 0.06458333333333334 0.0234375 0.034027777777777775
3 0.164453125 0.07013888888888889 0.0171875 0.03680555555555556
3 0.617578125 0.4847222222222222 0.0296875 0.05277777777777778
3 0.594140625 0.32708333333333334 0.036328125 0.044444444444444446
3 0.358203125 0.51875 0.0703125 0.09444444444444444
3 0.030859375 0.5395833333333333 0.041015625 0.15
3 0.975 0.7909722222222222 0.048828125 0.09722222222222222
3 0.9671875 0.8701388888888889 0.064453125 0.2548611111111111
3 0.596484375 0.7423611111111111 0.038671875 0.09513888888888888
3 0.401953125 0.26805555555555555 0.064453125 0.07708333333333334
3 0.028515625 0.5569444444444445 0.019921875 0.11180555555555556
3 0.773828125 0.025 0.041015625 0.04652777777777778
3 0.376953125 0.39166666666666666 0.205078125 0.3277777777777778
3 0.966796875 0.9409722222222222 0.063671875 0.11388888888888889