3 0.09453125 0.6881944444444444 0.1578125 0.5152777777777777
2 0.096875 0.9611111111111111 0.075 0.075
2 0.1921875 0.9347222222222222 0.0125 0.041666666666666664
2 0.426171875 0.9326388888888889 0.03359375 0.13194444444444445
2 0.3328125 0.9548611111111112 0.0328125 0.0875
2 0.861328125 0.89375 0.01171875 0.043055555555555555
2 0.37421875 0.9548611111111112 0.0375 0.0875
2 0.35546875 0.9444444444444444 0.0265625 0.10833333333333334
1 0.93203125 0.9020833333333333 0.121875 0.1875
1 0.04921875 0.8916666666666667 0.034375 0.1111111111111111
1 0.102734375 0.9118055555555555 0.14296875 0.1625
3 0.030859375 0.5854166666666667 0.06171875 0.14027777777777778
3 0.958984375 0.26666666666666666 0.08046875 0.17222222222222222
3 0.816015625 0.6715277777777777 0.10078125 0.3819444444444444
3 0.7421875 0.6472222222222223 0.10625 0.5305555555555556
3 0.446484375 0.7638888888888888 0.13046875 0.10555555555555556
3 0.26796875 0.7944444444444444 0.0796875 0.07777777777777778
3 0.391796875 0.7548611111111111 0.02109375 0.05416666666666667
3 0.191796875 0.8152777777777778 0.06640625 0.04722222222222222
3 0.9578125 0.4548611111111111 0.0828125 0.5486111111111112