3 0.473828125 0.4263888888888889 0.09609375 0.16666666666666666
2 0.600390625 0.5513888888888889 0.03828125 0.18611111111111112
2 0.68046875 0.5243055555555556 0.034375 0.13472222222222222
2 0.535546875 0.5125 0.02109375 0.09166666666666666
2 0.43203125 0.49722222222222223 0.0125 0.05277777777777778
2 0.71875 0.4909722222222222 0.021875 0.07361111111111111
2 0.718359375 0.5493055555555556 0.02421875 0.08472222222222223
3 0.623046875 0.42569444444444443 0.08828125 0.13472222222222222
3 0.069921875 0.4340277777777778 0.13984375 0.4125
3 0.532421875 0.4013888888888889 0.07265625 0.15833333333333333
3 0.79765625 0.4083333333333333 0.09375 0.25
3 0.360546875 0.4354166666666667 0.04296875 0.15138888888888888
3 0.280859375 0.5576388888888889 0.15390625 0.4486111111111111
3 0.4078125 0.4777777777777778 0.03125 0.06666666666666667
3 0.69921875 0.12986111111111112 0.075 0.06805555555555555
3 0.19375 0.5090277777777777 0.1078125 0.2013888888888889
3 0.4703125 0.3597222222222222 0.03125 0.03611111111111111