3 0.087109375 0.7333333333333333 0.171484375 0.3145833333333333
3 0.58359375 0.85625 0.0984375 0.18263888888888888
3 0.542578125 0.3375 0.198828125 0.33611111111111114
3 0.783203125 0.4701388888888889 0.099609375 0.15625
3 0.444140625 0.7756944444444445 0.062109375 0.11041666666666666
3 0.940234375 0.8659722222222223 0.1171875 0.2638888888888889
3 0.2734375 0.2590277777777778 0.079296875 0.11666666666666667
3 0.286328125 0.6840277777777778 0.037109375 0.07708333333333334
3 0.438671875 0.12152777777777778 0.151953125 0.24097222222222223
3 0.905859375 0.43125 0.184375 0.29097222222222224
3 0.74921875 0.8375 0.0359375 0.10486111111111111
3 0.729296875 0.18819444444444444 0.089453125 0.14097222222222222
3 0.668359375 0.7326388888888888 0.09375 0.22152777777777777
3 0.3578125 0.6 0.035546875 0.08888888888888889
3 0.071875 0.0875 0.078125 0.175
3 0.97578125 0.6069444444444444 0.046484375 0.11944444444444445
3 0.343359375 0.1701388888888889 0.075390625 0.19236111111111112
3 0.241015625 0.4909722222222222 0.0421875 0.14166666666666666
3 0.30625 0.19583333333333333 0.145703125 0.24375
3 0.655859375 0.7701388888888889 0.069140625 0.1388888888888889
3 0.178515625 0.7694444444444445 0.069140625 0.1388888888888889
3 0.026171875 0.4083333333333333 0.05234375 0.1111111111111111
3 0.477734375 0.5833333333333334 0.037109375 0.07777777777777778
3 0.681640625 0.6868055555555556 0.0671875 0.1284722222222222
3 0.525390625 0.11805555555555555 0.324609375 0.23402777777777778
3 0.666015625 0.5131944444444444 0.058984375 0.13055555555555556
3 0.58984375 0.07013888888888889 0.168359375 0.13958333333333334
3 0.063671875 0.5513888888888889 0.12734375 0.20833333333333334