2 0.050390625 0.31875 0.03828125 0.09305555555555556
2 0.425 0.4444444444444444 0.0140625 0.06111111111111111
2 0.966015625 0.38333333333333336 0.04765625 0.20277777777777778
2 0.993359375 0.3909722222222222 0.01171875 0.18472222222222223
3 0.16484375 0.30416666666666664 0.053125 0.1361111111111111
3 0.0953125 0.30416666666666664 0.0515625 0.1111111111111111
3 0.449609375 0.31805555555555554 0.04609375 0.1361111111111111
3 0.8015625 0.3784722222222222 0.0421875 0.11805555555555555
3 0.262109375 0.3194444444444444 0.05078125 0.075
3 0.2953125 0.30694444444444446 0.034375 0.14722222222222223
3 0.878125 0.3368055555555556 0.1015625 0.20416666666666666
3 0.347265625 0.28680555555555554 0.05546875 0.1125
3 0.952734375 0.2659722222222222 0.06171875 0.1375
3 0.498828125 0.31180555555555556 0.05234375 0.15694444444444444
3 0.908203125 0.3236111111111111 0.16328125 0.25277777777777777
3 0.391015625 0.3229166666666667 0.03984375 0.10416666666666667
3 0.621875 0.29583333333333334 0.1265625 0.2972222222222222
3 0.08984375 0.42430555555555555 0.05625 0.14583333333333334
3 0.04296875 0.27361111111111114 0.0359375 0.05555555555555555
3 0.030078125 0.2743055555555556 0.06015625 0.14027777777777778
3 0.41171875 0.3402777777777778 0.0328125 0.06944444444444445
3 0.0171875 0.25972222222222224 0.034375 0.1111111111111111
3 0.586328125 0.22152777777777777 0.05078125 0.12638888888888888
3 0.533203125 0.2861111111111111 0.05546875 0.19166666666666668
3 0.489453125 0.3284722222222222 0.03515625 0.1125
3 0.99140625 0.26875 0.015625 0.06527777777777778
3 0.66171875 0.27361111111111114 0.0484375 0.17777777777777778