3 0.1453125 0.32013888888888886 0.290625 0.6402777777777777
2 0.498828125 0.6291666666666667 0.02421875 0.1527777777777778
2 0.25546875 0.6340277777777777 0.021875 0.12916666666666668
2 0.968359375 0.7895833333333333 0.06171875 0.4152777777777778
2 0.285546875 0.6152777777777778 0.02109375 0.1111111111111111
2 0.396875 0.6041666666666666 0.015625 0.08888888888888889
2 0.525 0.6152777777777778 0.0203125 0.09722222222222222
2 0.36015625 0.6222222222222222 0.0203125 0.11388888888888889
2 0.0453125 0.6041666666666666 0.021875 0.11388888888888889
2 0.325390625 0.61875 0.02109375 0.10416666666666667
2 0.33984375 0.6236111111111111 0.025 0.11944444444444445
2 0.4109375 0.6027777777777777 0.0171875 0.08888888888888889
2 0.42578125 0.5951388888888889 0.0125 0.0763888888888889
3 0.815625 0.5881944444444445 0.0875 0.10694444444444444
3 0.62109375 0.5173611111111112 0.0640625 0.05416666666666667
3 0.95390625 0.32222222222222224 0.0390625 0.6444444444444445
3 0.4828125 0.5388888888888889 0.05625 0.06666666666666667
3 0.903515625 0.5777777777777777 0.06640625 0.125
3 0.53046875 0.5090277777777777 0.0671875 0.06527777777777778
3 0.621484375 0.5645833333333333 0.06484375 0.1486111111111111