2 0.855859375 0.74375 0.07421875 0.34305555555555556
2 0.664453125 0.6041666666666666 0.01328125 0.058333333333333334
1 0.603515625 0.6097222222222223 0.46015625 0.3194444444444444
1 0.603125 0.6965277777777777 0.4609375 0.14583333333333334
1 0.212109375 0.7 0.42421875 0.5833333333333334
1 0.602734375 0.3854166666666667 0.46171875 0.7680555555555556
1 0.14609375 0.7736111111111111 0.2921875 0.33055555555555555
3 0.363671875 0.25972222222222224 0.10078125 0.23333333333333334
3 0.25 0.3368055555555556 0.0890625 0.1875
3 0.116796875 0.35555555555555557 0.07734375 0.2638888888888889
3 0.97265625 0.46875 0.053125 0.19305555555555556
3 0.17109375 0.4305555555555556 0.1078125 0.23055555555555557
3 0.7921875 0.4527777777777778 0.0546875 0.13055555555555556
3 0.737890625 0.5715277777777777 0.11171875 0.15138888888888888
3 0.059765625 0.34444444444444444 0.10390625 0.41944444444444445
3 0.904296875 0.5236111111111111 0.07265625 0.25555555555555554
3 0.28046875 0.4152777777777778 0.040625 0.044444444444444446
3 0.122265625 0.4340277777777778 0.04609375 0.10694444444444444
3 0.83671875 0.4875 0.0734375 0.2611111111111111
3 0.184375 0.32222222222222224 0.078125 0.19166666666666668
3 0.483203125 0.4986111111111111 0.04609375 0.1638888888888889
3 0.63203125 0.37916666666666665 0.09375 0.11666666666666667
3 0.660546875 0.5826388888888889 0.03515625 0.10138888888888889
3 0.44765625 0.5083333333333333 0.1125 0.19444444444444445
3 0.0296875 0.41944444444444445 0.059375 0.2611111111111111
3 0.485546875 0.43819444444444444 0.03984375 0.043055555555555555
3 0.67421875 0.4111111111111111 0.034375 0.058333333333333334
3 0.633203125 0.47291666666666665 0.09609375 0.30416666666666664
3 0.544921875 0.5597222222222222 0.05078125 0.10833333333333334