2 0.94375 0.9006944444444445 0.0140625 0.04027777777777778
2 0.235546875 0.9854166666666667 0.01484375 0.02638888888888889
2 0.223828125 0.9680555555555556 0.01015625 0.05555555555555555
2 0.46484375 0.9569444444444445 0.0125 0.05
2 0.777734375 0.9270833333333334 0.01484375 0.06805555555555555
2 0.51015625 0.9465277777777777 0.0078125 0.059722222222222225
2 0.7671875 0.9298611111111111 0.0140625 0.0625
2 0.559375 0.9770833333333333 0.015625 0.043055555555555555
2 0.53359375 0.94375 0.0109375 0.05694444444444444
1 0.76328125 0.8590277777777777 0.36015625 0.28194444444444444
3 0.966015625 0.7131944444444445 0.06640625 0.25972222222222224
3 0.88515625 0.7736111111111111 0.0390625 0.06666666666666667
3 0.367578125 0.7652777777777777 0.28671875 0.46111111111111114
3 0.794921875 0.76875 0.03984375 0.10138888888888889
3 0.12734375 0.7868055555555555 0.2453125 0.42083333333333334
3 0.84609375 0.7833333333333333 0.034375 0.05277777777777778
3 0.722265625 0.8972222222222223 0.07578125 0.175
3 0.912890625 0.7833333333333333 0.03046875 0.041666666666666664
3 0.58203125 0.7875 0.159375 0.37777777777777777
3 0.1265625 0.4986111111111111 0.253125 0.9944444444444445
3 0.04609375 0.4986111111111111 0.0921875 0.9972222222222222
3 0.82109375 0.7979166666666667 0.0234375 0.034722222222222224