2 0.116796875 0.8736111111111111 0.0109375 0.034027777777777775
2 0.58984375 0.7173611111111111 0.0078125 0.03125
1 0.095703125 0.2881944444444444 0.069921875 0.05763888888888889
3 0.31171875 0.3701388888888889 0.033984375 0.10347222222222222
3 0.48203125 0.2388888888888889 0.030859375 0.08541666666666667
3 0.623046875 0.5909722222222222 0.037109375 0.09166666666666666
3 0.141015625 0.24513888888888888 0.0515625 0.08263888888888889
3 0.695703125 0.45555555555555555 0.037890625 0.07430555555555556
3 0.33046875 0.8847222222222222 0.0484375 0.07708333333333334
3 0.21015625 0.6270833333333333 0.044140625 0.11388888888888889
3 0.787109375 0.2625 0.030078125 0.08402777777777778
3 0.62734375 0.7916666666666666 0.049609375 0.12430555555555556
3 0.702734375 0.6840277777777778 0.0390625 0.08611111111111111
3 0.49296875 0.06111111111111111 0.0234375 0.05
3 0.230859375 0.4576388888888889 0.030859375 0.08541666666666667
3 0.72109375 0.9208333333333333 0.072265625 0.15486111111111112
3 0.389453125 0.50625 0.0203125 0.09236111111111112
3 0.519140625 0.06041666666666667 0.024609375 0.08958333333333333
3 0.03828125 0.23333333333333334 0.066015625 0.08541666666666667
3 0.33984375 0.6756944444444445 0.034765625 0.10555555555555556
3 0.625390625 0.6868055555555556 0.045703125 0.09930555555555555
3 0.922265625 0.39444444444444443 0.015234375 0.03125
3 0.378515625 0.93125 0.041796875 0.0798611111111111
3 0.362890625 0.6854166666666667 0.039453125 0.09791666666666667
3 0.755859375 0.24513888888888888 0.036328125 0.0798611111111111
3 0.498046875 0.8166666666666667 0.041796875 0.23125
3 0.1140625 0.7541666666666667 0.05625 0.09722222222222222
3 0.45625 0.7451388888888889 0.0375 0.12430555555555556
3 0.309375 0.6694444444444444 0.041796875 0.11458333333333333
3 0.876171875 0.6770833333333334 0.062890625 0.10902777777777778
3 0.2015625 0.9798611111111111 0.051171875 0.03611111111111111
3 0.1046875 0.3423611111111111 0.036328125 0.06597222222222222
3 0.262109375 0.6354166666666666 0.055078125 0.13125
3 0.447265625 0.2777777777777778 0.026171875 0.05555555555555555
3 0.577734375 0.8381944444444445 0.030859375 0.06736111111111111
3 0.176171875 0.5722222222222222 0.0515625 0.12430555555555556
3 0.438671875 0.5611111111111111 0.023046875 0.08333333333333333
3 0.215234375 0.24097222222222223 0.0390625 0.08888888888888889
3 0.46328125 0.5916666666666667 0.028515625 0.09236111111111112
3 0.412890625 0.9402777777777778 0.030859375 0.06597222222222222
3 0.685546875 0.20347222222222222 0.030078125 0.09652777777777778
3 0.79765625 0.8631944444444445 0.037109375 0.07222222222222222
3 0.921484375 0.6145833333333334 0.0578125 0.11666666666666667
3 0.025 0.6625 0.05 0.11041666666666666
3 0.7296875 0.40625 0.03125 0.07430555555555556
3 0.20625 0.4736111111111111 0.036328125 0.09930555555555555
3 0.865625 0.96875 0.044921875 0.058333333333333334
3 0.291015625 0.39791666666666664 0.034765625 0.08819444444444445
3 0.413671875 0.5576388888888889 0.022265625 0.08402777777777778
3 0.508203125 0.6743055555555556 0.025390625 0.06111111111111111
3 0.755859375 0.38125 0.0390625 0.10555555555555556
3 0.84921875 0.021527777777777778 0.05 0.043055555555555555
3 0.630859375 0.175 0.040234375 0.12013888888888889
3 0.745703125 0.4826388888888889 0.0421875 0.08958333333333333
3 0.408203125 0.6854166666666667 0.037890625 0.09375
3 0.519140625 0.5395833333333333 0.023828125 0.058333333333333334
3 0.191015625 0.20694444444444443 0.042578125 0.10833333333333334
3 0.562890625 0.17777777777777778 0.025 0.09097222222222222
3 0.982421875 0.3020833333333333 0.034375 0.07222222222222222
3 0.46484375 0.36944444444444446 0.021484375 0.05763888888888889
3 0.10234375 0.91875 0.025390625 0.06041666666666667
3 0.515625 0.22291666666666668 0.026171875 0.11458333333333333
3 0.307421875 0.30694444444444446 0.020703125 0.03611111111111111
3 0.825390625 0.9729166666666667 0.035546875 0.050694444444444445
3 0.619921875 0.8243055555555555 0.033984375 0.058333333333333334
3 0.184765625 0.48541666666666666 0.033203125 0.09166666666666666
3 0.455859375 0.8034722222222223 0.0390625 0.24097222222222223
3 0.4421875 0.4201388888888889 0.019921875 0.049305555555555554
3 0.604296875 0.16041666666666668 0.021875 0.09236111111111112
3 0.294140625 0.4798611111111111 0.029296875 0.09097222222222222
3 0.822265625 0.7430555555555556 0.03125 0.050694444444444445
3 0.461328125 0.6625 0.025 0.05625
3 0.169140625 0.18611111111111112 0.0390625 0.08541666666666667
3 0.722265625 0.9777777777777777 0.044140625 0.04236111111111111
3 0.380078125 0.7743055555555556 0.036328125 0.17847222222222223
3 0.558984375 0.7729166666666667 0.040234375 0.15069444444444444
3 0.825390625 0.3784722222222222 0.040625 0.08125
3 0.428125 0.7680555555555556 0.0375 0.17847222222222223
3 0.635546875 0.6895833333333333 0.025390625 0.08958333333333333
3 0.408203125 0.7354166666666667 0.038671875 0.19236111111111112
3 0.534765625 0.7638888888888888 0.114453125 0.2222222222222222
3 0.483203125 0.41458333333333336 0.019921875 0.049305555555555554
0 0.93828125 0.47291666666666665 0.0171875 0.027083333333333334
0 0.884765625 0.4979166666666667 0.023046875 0.03263888888888889
0 0.769921875 0.7284722222222222 0.023046875 0.03611111111111111
0 0.251171875 0.9868055555555556 0.034765625 0.024305555555555556
0 0.948828125 0.5305555555555556 0.013671875 0.03333333333333333
0 0.741015625 0.70625 0.0203125 0.034027777777777775
0 0.871484375 0.6416666666666667 0.019140625 0.027777777777777776
0 0.784765625 0.53125 0.033984375 0.05486111111111111
0 0.274609375 0.9659722222222222 0.0265625 0.022916666666666665
0 0.571875 0.12986111111111112 0.0125 0.013194444444444444
0 0.458203125 0.025694444444444443 0.0125 0.014583333333333334
0 0.960546875 0.2423611111111111 0.025390625 0.035416666666666666
0 0.854296875 0.6729166666666667 0.0140625 0.029861111111111113
1 0.423046875 0.46458333333333335 0.05546875 0.06736111111111111
1 0.543359375 0.43472222222222223 0.073828125 0.07569444444444444