2 0.035546875 0.7041666666666667 0.019140625 0.07847222222222222
2 0.025390625 0.6979166666666666 0.012890625 0.07569444444444444
2 0.697265625 0.5951388888888889 0.011328125 0.06388888888888888
2 0.9 0.7993055555555556 0.048046875 0.1
3 0.373046875 0.7326388888888888 0.2921875 0.5284722222222222
3 0.729296875 0.6180555555555556 0.134375 0.375
3 0.86328125 0.3597222222222222 0.271484375 0.7027777777777777
3 0.125 0.32430555555555557 0.25 0.6486111111111111
3 0.51640625 0.88125 0.072265625 0.14722222222222223
3 0.210546875 0.4777777777777778 0.335546875 0.5631944444444444
3 0.033984375 0.4465277777777778 0.067578125 0.4076388888888889
3 0.862109375 0.08194444444444444 0.1015625 0.15486111111111112
3 0.63359375 0.9215277777777777 0.1421875 0.15347222222222223
3 0.894140625 0.4951388888888889 0.199609375 0.4305555555555556
3 0.81796875 0.41041666666666665 0.178515625 0.5277777777777778
0 0.69296875 0.25625 0.037890625 0.030555555555555555
0 0.267578125 0.24027777777777778 0.016015625 0.021527777777777778
0 0.2625 0.22430555555555556 0.036328125 0.02847222222222222
0 0.694140625 0.23125 0.037890625 0.027777777777777776
0 0.826953125 0.025 0.019140625 0.016666666666666666