2 0.02578125 0.5819444444444445 0.0171875 0.03333333333333333
2 0.5703125 0.6770833333333334 0.0125 0.06527777777777778
2 0.453125 0.6576388888888889 0.0125 0.07083333333333333
2 0.668359375 0.6756944444444445 0.02109375 0.0875
2 0.436328125 0.6548611111111111 0.01484375 0.08472222222222223
1 0.240625 0.8666666666666667 0.4796875 0.2611111111111111
3 0.523046875 0.4756944444444444 0.44765625 0.9513888888888888
3 0.016015625 0.4527777777777778 0.03203125 0.06666666666666667
3 0.207421875 0.6125 0.15859375 0.2972222222222222
3 0.211328125 0.4340277777777778 0.27578125 0.3736111111111111
3 0.844921875 0.775 0.30703125 0.4444444444444444
3 0.6296875 0.66875 0.0328125 0.11805555555555555
3 0.564453125 0.9458333333333333 0.07734375 0.10277777777777777
3 0.969140625 0.5208333333333334 0.06015625 0.15