2 0.2390625 0.6680555555555555 0.025 0.08055555555555556
2 0.18046875 0.7194444444444444 0.0484375 0.08055555555555556
2 0.225390625 0.6902777777777778 0.04296875 0.13055555555555556
3 0.094921875 0.5513888888888889 0.18984375 0.6194444444444445
3 0.451953125 0.625 0.13203125 0.2777777777777778
3 0.28359375 0.6347222222222222 0.11875 0.37777777777777777
3 0.387890625 0.68125 0.06484375 0.11805555555555555
3 0.187109375 0.6652777777777777 0.04453125 0.08055555555555556
3 0.347265625 0.7020833333333333 0.03828125 0.08194444444444444
2 0.5671875 0.7416666666666667 0.02578125 0.15
2 0.626953125 0.7354166666666667 0.023046875 0.13125
2 0.604296875 0.7291666666666666 0.024609375 0.1326388888888889
2 0.5453125 0.7145833333333333 0.019140625 0.10277777777777777