2 0.708984375 0.7277777777777777 0.005078125 0.024305555555555556
2 0.077734375 0.96875 0.00625 0.025
1 0.837109375 0.8694444444444445 0.1 0.14444444444444443
1 0.391015625 0.4618055555555556 0.084375 0.06666666666666667
3 0.9453125 0.25833333333333336 0.040625 0.1111111111111111
3 0.887890625 0.25833333333333336 0.030078125 0.07569444444444444
3 0.328515625 0.11736111111111111 0.022265625 0.07847222222222222
3 0.330859375 0.3736111111111111 0.075390625 0.09722222222222222
3 0.45 0.41944444444444445 0.065625 0.09791666666666667
3 0.275 0.14375 0.032421875 0.05763888888888889
3 0.928515625 0.7951388888888888 0.028125 0.044444444444444446
3 0.416796875 0.5673611111111111 0.0578125 0.09930555555555555
3 0.926171875 0.5298611111111111 0.049609375 0.09444444444444444
3 0.188671875 0.8194444444444444 0.047265625 0.13680555555555557
3 0.230859375 0.7486111111111111 0.037109375 0.10069444444444445
3 0.669140625 0.5694444444444444 0.025390625 0.04652777777777778
3 0.894921875 0.8340277777777778 0.0296875 0.059027777777777776
3 0.66796875 0.8090277777777778 0.046484375 0.27152777777777776
3 0.179296875 0.5604166666666667 0.020703125 0.050694444444444445
3 0.126171875 0.8763888888888889 0.0375 0.09375
3 0.891796875 0.7083333333333334 0.027734375 0.05763888888888889
3 0.122265625 0.6326388888888889 0.023046875 0.07152777777777777
3 0.664453125 0.9416666666666667 0.080078125 0.11319444444444444
3 0.898828125 0.75625 0.033984375 0.049305555555555554
3 0.098828125 0.052083333333333336 0.037890625 0.07152777777777777
3 0.737890625 0.06597222222222222 0.0203125 0.07152777777777777
3 0.708984375 0.8326388888888889 0.0296875 0.075
3 0.843359375 0.7631944444444444 0.028125 0.05625
3 0.8765625 0.5854166666666667 0.032421875 0.06319444444444444
3 0.698046875 0.7756944444444445 0.045703125 0.29375
3 0.96953125 0.48541666666666666 0.0484375 0.10069444444444445
3 0.819140625 0.7895833333333333 0.025390625 0.03958333333333333
3 0.250390625 0.5854166666666667 0.023046875 0.044444444444444446
3 0.698828125 0.6701388888888888 0.043359375 0.08263888888888889
3 0.546875 0.43472222222222223 0.046875 0.11388888888888889
3 0.869921875 0.7951388888888888 0.028515625 0.04513888888888889
3 0.044921875 0.8805555555555555 0.016015625 0.04097222222222222
3 0.592578125 0.8104166666666667 0.0390625 0.1076388888888889
3 0.214453125 0.6326388888888889 0.012890625 0.03958333333333333
3 0.531640625 0.8770833333333333 0.1640625 0.24166666666666667
3 0.341796875 0.4986111111111111 0.023828125 0.049305555555555554
3 0.675 0.3763888888888889 0.023828125 0.03958333333333333
3 0.91484375 0.6611111111111111 0.0265625 0.04791666666666667
3 0.8515625 0.11736111111111111 0.026171875 0.06944444444444445
3 0.668359375 0.7166666666666667 0.044921875 0.08680555555555555
3 0.45390625 0.5333333333333333 0.062890625 0.08333333333333333
3 0.560546875 0.8256944444444444 0.044140625 0.12291666666666666
3 0.519921875 0.9527777777777777 0.066015625 0.09097222222222222
3 0.53046875 0.8520833333333333 0.047265625 0.12013888888888889
3 0.809375 0.9298611111111111 0.041796875 0.1361111111111111
3 0.9609375 0.6208333333333333 0.038671875 0.07708333333333334
3 0.80859375 0.32430555555555557 0.012109375 0.025
3 0.29296875 0.5694444444444444 0.016015625 0.06111111111111111
3 0.778515625 0.6965277777777777 0.027734375 0.03888888888888889
3 0.51640625 0.38263888888888886 0.0515625 0.09166666666666666
3 0.236328125 0.6840277777777778 0.038671875 0.06111111111111111
3 0.1421875 0.6625 0.0125 0.03263888888888889
3 0.761328125 0.06458333333333334 0.038671875 0.07291666666666667
3 0.964453125 0.9423611111111111 0.014453125 0.04652777777777778
3 0.50078125 0.34375 0.083984375 0.11180555555555556
3 0.121484375 0.03611111111111111 0.016796875 0.03333333333333333
3 0.130859375 0.9111111111111111 0.0484375 0.16458333333333333
3 0.75703125 0.9020833333333333 0.0265625 0.06666666666666667
3 0.251953125 0.8284722222222223 0.034375 0.06319444444444444
3 0.284765625 0.5534722222222223 0.033203125 0.09375
3 0.766796875 0.8513888888888889 0.017578125 0.04513888888888889
3 0.816796875 0.6590277777777778 0.028125 0.04375
3 0.18671875 0.029166666666666667 0.0265625 0.05486111111111111
3 0.96640625 0.7340277777777777 0.050390625 0.09930555555555555
3 0.7515625 0.7576388888888889 0.017578125 0.05347222222222222
3 0.502734375 0.48333333333333334 0.0359375 0.07013888888888889
3 0.4765625 0.8909722222222223 0.054296875 0.09722222222222222
3 0.588671875 0.8756944444444444 0.046484375 0.2388888888888889
3 0.567578125 0.08194444444444444 0.0265625 0.06180555555555556
3 0.359765625 0.011111111111111112 0.037109375 0.022222222222222223
0 0.827734375 0.1840277777777778 0.018359375 0.017361111111111112