2 0.23828125 0.7715277777777778 0.0109375 0.09861111111111111
2 0.272265625 0.7618055555555555 0.01484375 0.09027777777777778
2 0.303125 0.7541666666666667 0.0125 0.075
2 0.316015625 0.7548611111111111 0.01640625 0.0763888888888889
2 0.54765625 0.7513888888888889 0.0109375 0.05
2 0.279296875 0.7590277777777777 0.01171875 0.07361111111111111
3 0.419921875 0.6298611111111111 0.10234375 0.20694444444444443
3 0.628125 0.7888888888888889 0.0921875 0.23333333333333334
3 0.758203125 0.8090277777777778 0.10859375 0.20972222222222223
3 0.53671875 0.21666666666666667 0.3125 0.43333333333333335
3 0.645703125 0.5305555555555556 0.14609375 0.28888888888888886
3 0.51796875 0.6763888888888889 0.0765625 0.12222222222222222
3 0.828125 0.14166666666666666 0.3421875 0.2833333333333333
3 0.55 0.6694444444444444 0.071875 0.21944444444444444
3 0.913671875 0.14027777777777778 0.16953125 0.28055555555555556
3 0.58125 0.6784722222222223 0.04375 0.2263888888888889