2 0.104296875 0.5444444444444444 0.01953125 0.05277777777777778
2 0.471484375 0.6430555555555556 0.04765625 0.11666666666666667
2 0.303125 0.5361111111111111 0.009375 0.041666666666666664
2 0.676953125 0.6069444444444444 0.01953125 0.06111111111111111
1 0.49921875 0.7868055555555555 0.9953125 0.42083333333333334
1 0.7921875 0.6444444444444445 0.0375 0.1527777777777778
1 0.602734375 0.7618055555555555 0.03984375 0.12916666666666668
1 0.662890625 0.6909722222222222 0.04453125 0.18472222222222223
1 0.705078125 0.6888888888888889 0.02578125 0.11666666666666667
1 0.4140625 0.8694444444444445 0.046875 0.16666666666666666
1 0.237890625 0.88125 0.02734375 0.2263888888888889
1 0.413671875 0.8243055555555555 0.02109375 0.0763888888888889
1 0.741796875 0.6666666666666666 0.02265625 0.12777777777777777
1 0.60390625 0.7576388888888889 0.0171875 0.12083333333333333
3 0.79609375 0.32916666666666666 0.096875 0.33611111111111114
3 0.078125 0.3298611111111111 0.11875 0.3902777777777778
3 0.47578125 0.38333333333333336 0.0703125 0.25555555555555554
3 0.373046875 0.40069444444444446 0.07265625 0.2791666666666667
3 0.88046875 0.39652777777777776 0.0953125 0.36527777777777776
3 0.55625 0.40902777777777777 0.06875 0.2875
3 0.2828125 0.6993055555555555 0.06875 0.2625
3 0.183984375 0.3590277777777778 0.11015625 0.3541666666666667
3 0.33671875 0.4222222222222222 0.0671875 0.22777777777777777
3 0.501953125 0.4444444444444444 0.04609375 0.14444444444444443
3 0.52578125 0.3715277777777778 0.0515625 0.24027777777777778
3 0.611328125 0.5784722222222223 0.10078125 0.2652777777777778
3 0.13046875 0.41597222222222224 0.096875 0.2513888888888889
3 0.023828125 0.19375 0.04765625 0.1597222222222222
3 0.2921875 0.38333333333333336 0.0875 0.3138888888888889
3 0.815234375 0.4076388888888889 0.04921875 0.22916666666666666
3 0.61796875 0.37222222222222223 0.0578125 0.2111111111111111
3 0.183984375 0.26944444444444443 0.11015625 0.175
3 0.673046875 0.3659722222222222 0.07109375 0.32083333333333336
3 0.242578125 0.4388888888888889 0.11484375 0.225
3 0.730078125 0.37083333333333335 0.09140625 0.3277777777777778
3 0.57890625 0.3951388888888889 0.0578125 0.10972222222222222
3 0.36796875 0.7180555555555556 0.08125 0.16666666666666666
3 0.944140625 0.50625 0.07421875 0.4930555555555556
3 0.51875 0.5715277777777777 0.0640625 0.1375
3 0.9703125 0.3951388888888889 0.0578125 0.12916666666666668
3 0.456640625 0.46944444444444444 0.04140625 0.08055555555555556
3 0.403125 0.4861111111111111 0.05 0.11388888888888889
3 0.696875 0.5902777777777778 0.065625 0.1638888888888889
3 0.7734375 0.5638888888888889 0.0921875 0.17222222222222222
3 0.944921875 0.3715277777777778 0.06953125 0.22083333333333333
3 0.986328125 0.2965277777777778 0.02578125 0.10972222222222222
3 0.95859375 0.4638888888888889 0.0328125 0.11944444444444445
3 0.157421875 0.7993055555555556 0.10703125 0.16805555555555557
3 0.38671875 0.42430555555555555 0.0328125 0.06527777777777778
3 0.385546875 0.45555555555555555 0.03515625 0.125
3 0.85546875 0.4263888888888889 0.0546875 0.2833333333333333
3 0.025390625 0.3090277777777778 0.05078125 0.3902777777777778
3 0.222265625 0.4722222222222222 0.05703125 0.15555555555555556
3 0.970703125 0.40625 0.05703125 0.3263888888888889