3 0.8140625 0.4 0.2765625 0.8
2 0.7828125 0.8270833333333333 0.0875 0.34305555555555556
2 0.317578125 0.8090277777777778 0.03984375 0.22083333333333333
2 0.27265625 0.80625 0.03125 0.2263888888888889
2 0.565625 0.7861111111111111 0.034375 0.1527777777777778
2 0.1640625 0.8118055555555556 0.0359375 0.10694444444444444
2 0.41875 0.8486111111111111 0.071875 0.3
2 0.66015625 0.7951388888888888 0.03125 0.09861111111111111
2 0.608203125 0.7875 0.01484375 0.09722222222222222
3 0.9125 0.75 0.1734375 0.49444444444444446
3 0.110546875 0.8069444444444445 0.19609375 0.38055555555555554
3 0.637109375 0.7958333333333333 0.06015625 0.21666666666666667
3 0.543359375 0.7597222222222222 0.03046875 0.08055555555555556
3 0.22734375 0.7638888888888888 0.071875 0.09166666666666666
3 0.29609375 0.5736111111111111 0.0515625 0.08888888888888889
3 0.19453125 0.5756944444444444 0.0453125 0.0875
3 0.25546875 0.5743055555555555 0.1703125 0.09305555555555556