2 0.523828125 0.6145833333333334 0.008984375 0.050694444444444445
2 0.510546875 0.5423611111111111 0.009765625 0.04097222222222222
2 0.504296875 0.6263888888888889 0.0125 0.049305555555555554
2 0.55625 0.5520833333333334 0.008203125 0.041666666666666664
2 0.545703125 0.6298611111111111 0.010546875 0.041666666666666664
2 0.563671875 0.5520833333333334 0.008203125 0.04236111111111111
1 0.347265625 0.49583333333333335 0.075 0.12777777777777777
3 0.770703125 0.30416666666666664 0.085546875 0.34930555555555554
3 0.275390625 0.3076388888888889 0.076953125 0.3090277777777778
3 0.210546875 0.2861111111111111 0.074609375 0.18888888888888888
3 0.121484375 0.5895833333333333 0.242578125 0.8131944444444444
3 0.648046875 0.3159722222222222 0.08125 0.24444444444444444
3 0.478515625 0.5020833333333333 0.071875 0.16458333333333333
3 0.605859375 0.58125 0.085546875 0.1423611111111111
3 0.351953125 0.29930555555555555 0.062109375 0.09097222222222222
3 0.584765625 0.49444444444444446 0.060546875 0.1111111111111111
3 0.720703125 0.4618055555555556 0.068359375 0.08333333333333333
3 0.811328125 0.41041666666666665 0.034765625 0.09236111111111112
3 0.94921875 0.22847222222222222 0.099609375 0.44375
3 0.862890625 0.4548611111111111 0.0671875 0.15
3 0.441015625 0.2722222222222222 0.117578125 0.15347222222222223
3 0.441015625 0.38333333333333336 0.118359375 0.37777777777777777
3 0.903515625 0.5291666666666667 0.044140625 0.08958333333333333
3 0.574609375 0.4361111111111111 0.0359375 0.052083333333333336
3 0.458203125 0.6020833333333333 0.0828125 0.09166666666666666
3 0.446875 0.3506944444444444 0.036328125 0.04791666666666667
3 0.87734375 0.49375 0.055859375 0.09930555555555555
3 0.971875 0.49930555555555556 0.054296875 0.15
3 0.634765625 0.47152777777777777 0.062890625 0.07569444444444444
3 0.980078125 0.04236111111111111 0.038671875 0.07152777777777777
3 0.96875 0.08333333333333333 0.061328125 0.15347222222222223
3 0.243359375 0.45902777777777776 0.048828125 0.05763888888888889
3 0.665234375 0.3548611111111111 0.047265625 0.2076388888888889
1 0.643359375 0.5194444444444445 0.0390625 0.05625