3 0.873046875 0.36736111111111114 0.25234375 0.5208333333333334
2 0.403515625 0.5090277777777777 0.03203125 0.15416666666666667
2 0.44765625 0.5104166666666666 0.0359375 0.1597222222222222
2 0.529296875 0.5326388888888889 0.05703125 0.28194444444444444
2 0.6328125 0.5291666666666667 0.040625 0.175
2 0.489453125 0.5111111111111111 0.03515625 0.175
2 0.58671875 0.53125 0.0375 0.1763888888888889
2 0.56640625 0.4979166666666667 0.0171875 0.09583333333333334
2 0.651953125 0.4798611111111111 0.01015625 0.04027777777777778
2 0.549609375 0.5145833333333333 0.01953125 0.18472222222222223
1 0.36484375 0.5145833333333333 0.0546875 0.043055555555555555
1 0.832421875 0.5479166666666667 0.33203125 0.22361111111111112
3 0.155859375 0.1951388888888889 0.12109375 0.24305555555555555
3 0.868359375 0.08958333333333333 0.13671875 0.1763888888888889
3 0.160546875 0.4618055555555556 0.19609375 0.29305555555555557
3 0.680859375 0.33194444444444443 0.11015625 0.4027777777777778
3 0.372265625 0.37083333333333335 0.04453125 0.07777777777777778
3 0.4328125 0.36875 0.0703125 0.09027777777777778
3 0.603515625 0.4534722222222222 0.02890625 0.043055555555555555
3 0.7015625 0.32916666666666666 0.06875 0.2222222222222222
3 0.06796875 0.2972222222222222 0.1109375 0.3472222222222222
3 0.868359375 0.2638888888888889 0.13828125 0.525