2 0.23203125 0.5631944444444444 0.053125 0.23472222222222222
2 0.697265625 0.5458333333333333 0.02265625 0.08611111111111111
2 0.208203125 0.5576388888888889 0.04609375 0.23194444444444445
2 0.351171875 0.5208333333333334 0.01796875 0.08888888888888889
2 0.56796875 0.5493055555555556 0.015625 0.06527777777777778
1 0.646484375 0.6541666666666667 0.45703125 0.16666666666666666
1 0.108203125 0.4673611111111111 0.20078125 0.2152777777777778
1 0.499609375 0.6576388888888889 0.99453125 0.6736111111111112
1 0.60078125 0.49444444444444446 0.1421875 0.13055555555555556
3 0.055859375 0.18125 0.11171875 0.22916666666666666
3 0.346875 0.30416666666666664 0.078125 0.10555555555555556
3 0.693359375 0.38333333333333336 0.05390625 0.15833333333333333
3 0.5921875 0.43472222222222223 0.053125 0.21944444444444444
3 0.80546875 0.38472222222222224 0.0546875 0.2
3 0.76796875 0.39166666666666666 0.0578125 0.1111111111111111
3 0.855078125 0.35 0.06171875 0.12777777777777777
3 0.73671875 0.37430555555555556 0.05625 0.16527777777777777
3 0.905859375 0.3770833333333333 0.05390625 0.18472222222222223
3 0.327734375 0.4652777777777778 0.08203125 0.11666666666666667
3 0.53515625 0.3923611111111111 0.05625 0.19583333333333333
3 0.50703125 0.4048611111111111 0.0453125 0.1736111111111111
3 0.235546875 0.3590277777777778 0.03828125 0.04861111111111111
3 0.65078125 0.37777777777777777 0.0578125 0.1388888888888889
3 0.19296875 0.34930555555555554 0.046875 0.05416666666666667
3 0.101171875 0.4048611111111111 0.09296875 0.15138888888888888
3 0.19296875 0.3958333333333333 0.046875 0.14722222222222223
3 0.6640625 0.42291666666666666 0.046875 0.059722222222222225
3 0.646484375 0.5444444444444444 0.03984375 0.08055555555555556
3 0.3953125 0.35 0.034375 0.030555555555555555
3 0.244140625 0.4527777777777778 0.04609375 0.14722222222222223
3 0.85078125 0.6388888888888888 0.296875 0.7166666666666667
3 0.9875 0.30486111111111114 0.0234375 0.0763888888888889
3 0.23203125 0.38819444444444445 0.0453125 0.10972222222222222
3 0.080078125 0.41458333333333336 0.05234375 0.12638888888888888
3 0.66328125 0.48819444444444443 0.0484375 0.19027777777777777
3 0.62265625 0.4263888888888889 0.03125 0.06388888888888888
3 0.59140625 0.5027777777777778 0.053125 0.08611111111111111
3 0.731640625 0.42916666666666664 0.05546875 0.06388888888888888