2 0.44296875 0.011805555555555555 0.0046875 0.019444444444444445
3 0.047265625 0.059722222222222225 0.0640625 0.11944444444444445
3 0.46875 0.1673611111111111 0.071875 0.1361111111111111
3 0.358203125 0.05347222222222222 0.084765625 0.10625
3 0.268359375 0.05347222222222222 0.05234375 0.10694444444444444
3 0.573046875 0.7256944444444444 0.037109375 0.06944444444444445
3 0.403125 0.18888888888888888 0.053125 0.10902777777777778
3 0.576171875 0.8479166666666667 0.041796875 0.11041666666666666
3 0.4875 0.46458333333333335 0.038671875 0.08333333333333333
3 0.403515625 0.3034722222222222 0.0546875 0.3388888888888889
3 0.151953125 0.075 0.143359375 0.15
3 0.56328125 0.6236111111111111 0.037109375 0.06944444444444445
3 0.57265625 0.6402777777777777 0.056640625 0.10277777777777777
3 0.556640625 0.5534722222222223 0.025390625 0.0798611111111111
3 0.220703125 0.13055555555555556 0.023828125 0.04652777777777778
3 0.29453125 0.1111111111111111 0.031640625 0.059027777777777776
3 0.08515625 0.22291666666666668 0.0296875 0.08541666666666667
3 0.550390625 0.40069444444444446 0.0453125 0.08611111111111111
3 0.494140625 0.9076388888888889 0.053515625 0.1361111111111111
3 0.010546875 0.07152777777777777 0.020703125 0.11666666666666667