2 0.890234375 0.7375 0.21796875 0.5222222222222223
2 0.427734375 0.7381944444444445 0.01015625 0.0875
2 0.7375 0.7319444444444444 0.015625 0.058333333333333334
3 0.5890625 0.6055555555555555 0.1015625 0.20555555555555555
3 0.76953125 0.19791666666666666 0.4578125 0.3958333333333333
3 0.684765625 0.6479166666666667 0.06640625 0.12083333333333333
3 0.825 0.50625 0.1671875 0.3236111111111111
3 0.71953125 0.6229166666666667 0.075 0.17916666666666667
3 0.790234375 0.7111111111111111 0.08984375 0.12222222222222222
3 0.05546875 0.6694444444444444 0.1109375 0.6527777777777778
3 0.962109375 0.11666666666666667 0.07421875 0.23333333333333334
3 0.756640625 0.5930555555555556 0.05234375 0.11388888888888889