3 0.428125 0.7701388888888889 0.0578125 0.12083333333333333
2 0.579296875 0.8854166666666666 0.03515625 0.20694444444444443
2 0.826953125 0.8236111111111111 0.03203125 0.16111111111111112
2 0.223828125 0.8298611111111112 0.03203125 0.14305555555555555
2 0.2640625 0.8305555555555556 0.028125 0.11944444444444445
2 0.690625 0.8979166666666667 0.0796875 0.2013888888888889
2 0.30234375 0.84375 0.0296875 0.1597222222222222
2 0.34453125 0.8368055555555556 0.0234375 0.11805555555555555
2 0.283203125 0.8340277777777778 0.02265625 0.11805555555555555
2 0.72265625 0.8965277777777778 0.034375 0.2013888888888889
2 0.2140625 0.8298611111111112 0.015625 0.12083333333333333
2 0.36171875 0.8180555555555555 0.01875 0.10833333333333334
3 0.11796875 0.4395833333333333 0.2359375 0.8125
3 0.866796875 0.42777777777777776 0.26328125 0.8555555555555555
3 0.76171875 0.7965277777777777 0.0828125 0.10972222222222222
3 0.569140625 0.7756944444444445 0.06484375 0.1625
3 0.569140625 0.7229166666666667 0.06484375 0.05694444444444444
3 0.851953125 0.7861111111111111 0.06015625 0.13055555555555556
3 0.476953125 0.7444444444444445 0.06953125 0.13055555555555556
0 0.949609375 0.8013888888888889 0.08203125 0.12222222222222222