3 0.58203125 0.21736111111111112 0.1 0.43472222222222223
2 0.67734375 0.3277777777777778 0.021875 0.03611111111111111
2 0.489453125 0.39305555555555555 0.04921875 0.18055555555555555
3 0.90703125 0.19652777777777777 0.1828125 0.3736111111111111
3 0.053125 0.21458333333333332 0.10625 0.42916666666666664
3 0.190234375 0.21458333333333332 0.37265625 0.42916666666666664
3 0.75859375 0.1909722222222222 0.15 0.3819444444444444
3 0.411328125 0.20208333333333334 0.14140625 0.4041666666666667
3 0.848828125 0.6840277777777778 0.30078125 0.6208333333333333
3 0.658203125 0.18263888888888888 0.11171875 0.36527777777777776
3 0.497265625 0.22708333333333333 0.99453125 0.45416666666666666
3 0.61171875 0.3458333333333333 0.05 0.14444444444444443
3 0.45390625 0.21944444444444444 0.3546875 0.4388888888888889