3 0.7421875 0.4284722222222222 0.3390625 0.8569444444444444
2 0.923046875 0.6090277777777777 0.03203125 0.1375
2 0.515234375 0.5701388888888889 0.02734375 0.12916666666666668
2 0.43671875 0.5631944444444444 0.0265625 0.05694444444444444
1 0.234375 0.5083333333333333 0.0359375 0.09722222222222222
1 0.226953125 0.5131944444444444 0.07421875 0.12083333333333333
3 0.468359375 0.42569444444444443 0.05078125 0.24027777777777778
3 0.426953125 0.43472222222222223 0.05703125 0.18055555555555555
3 0.150390625 0.34652777777777777 0.06328125 0.16805555555555557
3 0.72578125 0.42777777777777776 0.1140625 0.8555555555555555
3 0.516015625 0.4152777777777778 0.04765625 0.18611111111111112
3 0.20078125 0.3638888888888889 0.0578125 0.18055555555555555
3 0.66640625 0.3104166666666667 0.08125 0.4652777777777778
3 0.552734375 0.4423611111111111 0.06015625 0.1875
3 0.6140625 0.39444444444444443 0.08125 0.7888888888888889
3 0.10546875 0.3159722222222222 0.0453125 0.13194444444444445
3 0.0203125 0.29791666666666666 0.040625 0.12638888888888888
3 0.3265625 0.3611111111111111 0.0921875 0.2361111111111111
3 0.05625 0.35555555555555557 0.0359375 0.11944444444444445
3 0.275 0.43194444444444446 0.0484375 0.30833333333333335
3 0.121875 0.5423611111111111 0.140625 0.2986111111111111
3 0.49453125 0.425 0.028125 0.15833333333333333
3 0.38046875 0.4263888888888889 0.0578125 0.19722222222222222
3 0.580078125 0.4173611111111111 0.03984375 0.24305555555555555
3 0.241796875 0.45 0.05703125 0.16944444444444445
3 0.242578125 0.3923611111111111 0.04609375 0.1486111111111111
3 0.53671875 0.4527777777777778 0.021875 0.06111111111111111