2 0.341015625 0.6277777777777778 0.09921875 0.49166666666666664
2 0.608203125 0.6020833333333333 0.03046875 0.1486111111111111
2 0.793359375 0.6201388888888889 0.02265625 0.1986111111111111
2 0.9546875 0.60625 0.025 0.15138888888888888
2 0.558984375 0.6236111111111111 0.04140625 0.2222222222222222
2 0.73515625 0.6229166666666667 0.0359375 0.20972222222222223
2 0.52421875 0.6243055555555556 0.0453125 0.21805555555555556
2 0.661328125 0.6152777777777778 0.04296875 0.21666666666666667
2 0.6859375 0.6097222222222223 0.0234375 0.1388888888888889
2 0.987890625 0.5944444444444444 0.01328125 0.06111111111111111
2 0.92421875 0.6013888888888889 0.0234375 0.15833333333333333
1 0.69296875 0.8479166666666667 0.05 0.2986111111111111
1 0.69296875 0.7569444444444444 0.0484375 0.11666666666666667
3 0.906640625 0.46944444444444444 0.12265625 0.2833333333333333
3 0.168359375 0.26944444444444443 0.15703125 0.40555555555555556
3 0.050390625 0.2826388888888889 0.10078125 0.3763888888888889
3 0.56796875 0.3951388888888889 0.0828125 0.30416666666666664
3 0.252734375 0.2388888888888889 0.14921875 0.4777777777777778
3 0.36640625 0.275 0.1625 0.39444444444444443
3 0.987890625 0.33055555555555555 0.02265625 0.1388888888888889
3 0.50078125 0.44305555555555554 0.1078125 0.30277777777777776
3 0.755859375 0.46805555555555556 0.03828125 0.18333333333333332
3 0.57890625 0.2791666666666667 0.1234375 0.5583333333333333
3 0.048046875 0.5486111111111112 0.06640625 0.17777777777777778
3 0.1046875 0.5673611111111111 0.0609375 0.12916666666666668
3 0.46875 0.2965277777777778 0.125 0.5930555555555556
3 0.304296875 0.3958333333333333 0.05546875 0.14722222222222223
3 0.365625 0.30416666666666664 0.5515625 0.6083333333333333
3 0.59609375 0.4652777777777778 0.065625 0.21666666666666667
0 0.290625 0.5986111111111111 0.03125 0.03333333333333333
0 0.79609375 0.5006944444444444 0.0578125 0.034722222222222224