2 0.478125 0.7236111111111111 0.009375 0.05
2 0.3390625 0.7034722222222223 0.0171875 0.0875
2 0.583984375 0.7270833333333333 0.01796875 0.07916666666666666
2 0.3328125 0.6861111111111111 0.0125 0.06944444444444445
2 0.31953125 0.7166666666666667 0.015625 0.05277777777777778
1 0.1921875 0.9090277777777778 0.384375 0.1763888888888889
3 0.411328125 0.49930555555555556 0.44453125 0.9875
3 0.890234375 0.6270833333333333 0.13984375 0.25972222222222224
3 0.091796875 0.6659722222222222 0.17109375 0.31527777777777777
3 0.96640625 0.5590277777777778 0.065625 0.29305555555555557
3 0.924609375 0.44027777777777777 0.08671875 0.18611111111111112
3 0.53359375 0.7097222222222223 0.0328125 0.11944444444444445
3 0.12265625 0.4736111111111111 0.2453125 0.38055555555555554
3 0.580078125 0.6923611111111111 0.05078125 0.1486111111111111
3 0.77265625 0.8055555555555556 0.4390625 0.38333333333333336
0 0.889453125 0.7263888888888889 0.09921875 0.058333333333333334