3 0.094140625 0.68125 0.17890625 0.5625
2 0.34296875 0.5854166666666667 0.0109375 0.04861111111111111
2 0.193359375 0.6243055555555556 0.02578125 0.04027777777777778
2 0.490234375 0.575 0.00859375 0.03888888888888889
2 0.165625 0.61875 0.0078125 0.029166666666666667
2 0.891796875 0.6618055555555555 0.02890625 0.09583333333333334
2 0.66328125 0.6784722222222223 0.0484375 0.1125
1 0.50078125 0.8291666666666667 0.99375 0.33611111111111114
1 0.625390625 0.8798611111111111 0.03984375 0.15138888888888888
1 0.8140625 0.7958333333333333 0.021875 0.125
1 0.479296875 0.8868055555555555 0.02421875 0.21805555555555556
3 0.293359375 0.39861111111111114 0.09765625 0.34444444444444444
3 0.209375 0.39444444444444443 0.103125 0.38055555555555554
3 0.6515625 0.41875 0.06875 0.25972222222222224
3 0.052734375 0.31666666666666665 0.10546875 0.4388888888888889
3 0.74296875 0.4388888888888889 0.06875 0.2972222222222222
3 0.5515625 0.4444444444444444 0.0703125 0.26944444444444443
3 0.705078125 0.4166666666666667 0.05703125 0.2722222222222222
3 0.811328125 0.6138888888888889 0.12109375 0.26944444444444443
3 0.68515625 0.4798611111111111 0.053125 0.15138888888888888
3 0.808984375 0.3972222222222222 0.07109375 0.22777777777777777
3 0.518359375 0.47152777777777777 0.06328125 0.22916666666666666
3 0.4921875 0.725 0.05625 0.2361111111111111
3 0.3375 0.4625 0.0796875 0.20833333333333334
3 0.7671875 0.4270833333333333 0.06875 0.12638888888888888
3 0.476171875 0.43333333333333335 0.07734375 0.3
3 0.433203125 0.48680555555555555 0.09921875 0.20694444444444443
3 0.56953125 0.7444444444444445 0.0796875 0.15833333333333333
3 0.117578125 0.40347222222222223 0.12265625 0.2875
3 0.38125 0.41805555555555557 0.09375 0.3194444444444444
3 0.708984375 0.6111111111111112 0.06640625 0.13333333333333333
3 0.564453125 0.4673611111111111 0.03203125 0.0625
3 0.3984375 0.8048611111111111 0.0875 0.14027777777777778
3 0.415234375 0.5180555555555556 0.05078125 0.1361111111111111
3 0.871875 0.3861111111111111 0.0875 0.3472222222222222
3 0.979296875 0.5805555555555556 0.03984375 0.14444444444444443
3 0.938671875 0.3923611111111111 0.10703125 0.3625
3 0.913671875 0.61875 0.07109375 0.17083333333333334
3 0.58359375 0.5222222222222223 0.046875 0.11388888888888889
3 0.636328125 0.5041666666666667 0.04609375 0.08055555555555556
3 0.9765625 0.40555555555555556 0.0453125 0.4888888888888889
3 0.97734375 0.22152777777777777 0.04375 0.11805555555555555