2 0.25234375 0.9243055555555556 0.040625 0.14305555555555555
2 0.439453125 0.6618055555555555 0.02109375 0.11805555555555555
2 0.67265625 0.5326388888888889 0.015625 0.06527777777777778
2 0.6234375 0.7409722222222223 0.0328125 0.14305555555555555
2 0.884765625 0.7493055555555556 0.03046875 0.12638888888888888
2 0.372265625 0.5638888888888889 0.01171875 0.07222222222222222
2 0.55 0.6111111111111112 0.015625 0.10277777777777777
2 0.42578125 0.5118055555555555 0.0140625 0.05694444444444444
2 0.562109375 0.5208333333333334 0.01484375 0.06944444444444445
2 0.4609375 0.6527777777777778 0.01875 0.1
2 0.43515625 0.5652777777777778 0.01875 0.07777777777777778
2 0.94296875 0.71875 0.040625 0.14305555555555555
2 0.51640625 0.6298611111111111 0.0203125 0.10138888888888889
2 0.44296875 0.5284722222222222 0.0140625 0.07083333333333333
2 0.6578125 0.7277777777777777 0.0234375 0.14444444444444443
1 0.689453125 0.5597222222222222 0.10703125 0.125
3 0.502734375 0.29444444444444445 0.13046875 0.5277777777777778
3 0.279296875 0.6902777777777778 0.13984375 0.15555555555555556
3 0.09765625 0.6916666666666667 0.178125 0.3111111111111111
3 0.724609375 0.32222222222222224 0.07578125 0.24722222222222223
3 0.801953125 0.4201388888888889 0.14765625 0.4875
3 0.593359375 0.6305555555555555 0.09921875 0.19722222222222222
3 0.651171875 0.37569444444444444 0.06640625 0.2263888888888889
3 0.602734375 0.3576388888888889 0.05859375 0.22916666666666666
3 0.54921875 0.26666666666666666 0.0578125 0.275
3 0.48203125 0.81875 0.1421875 0.3541666666666667
3 0.77578125 0.25416666666666665 0.084375 0.14722222222222223
3 0.628125 0.38263888888888886 0.115625 0.28194444444444444
3 0.752734375 0.6 0.04765625 0.1111111111111111
3 0.6375 0.5076388888888889 0.071875 0.10138888888888889
3 0.775 0.32708333333333334 0.0859375 0.29305555555555557
3 0.94609375 0.9173611111111111 0.10625 0.1597222222222222