2 0.8390625 0.8368055555555556 0.2484375 0.3236111111111111
2 0.244921875 0.7763888888888889 0.02578125 0.06388888888888888
2 0.64921875 0.7888888888888889 0.0453125 0.26666666666666666
2 0.484375 0.8430555555555556 0.0734375 0.3111111111111111
2 0.531640625 0.8277777777777777 0.05078125 0.3416666666666667
2 0.40703125 0.8375 0.0734375 0.32222222222222224
2 0.19921875 0.8131944444444444 0.0375 0.07361111111111111
3 0.566015625 0.35208333333333336 0.38515625 0.6847222222222222
3 0.087109375 0.7777777777777778 0.10546875 0.26944444444444443
3 0.903125 0.5944444444444444 0.190625 0.2833333333333333
3 0.1609375 0.26875 0.321875 0.5375
3 0.525 0.5993055555555555 0.0765625 0.14027777777777778
3 0.05 0.12361111111111112 0.1 0.24722222222222223
3 0.32734375 0.9180555555555555 0.128125 0.15833333333333333
3 0.59375 0.6270833333333333 0.0296875 0.07361111111111111