2 0.4203125 0.8506944444444444 0.0046875 0.018055555555555554
2 0.328515625 0.9611111111111111 0.00546875 0.019444444444444445
2 0.3140625 0.9222222222222223 0.0046875 0.019444444444444445
3 0.52265625 0.7243055555555555 0.04375 0.13194444444444445
3 0.641015625 0.6819444444444445 0.04140625 0.2
3 0.753125 0.9319444444444445 0.053125 0.13055555555555556
3 0.605078125 0.9375 0.04140625 0.11944444444444445
3 0.393359375 0.75625 0.04296875 0.1597222222222222
3 0.715234375 0.9340277777777778 0.04609375 0.12638888888888888
3 0.869140625 0.9069444444444444 0.03984375 0.1
3 0.421875 0.8034722222222223 0.028125 0.06805555555555555
3 0.102734375 0.8180555555555555 0.05234375 0.1388888888888889
3 0.5671875 0.9451388888888889 0.05 0.10416666666666667
3 0.41640625 0.5354166666666667 0.021875 0.08194444444444444
3 0.485546875 0.7673611111111112 0.02578125 0.09583333333333334
3 0.819921875 0.9319444444444445 0.03671875 0.13055555555555556
3 0.43671875 0.5270833333333333 0.0296875 0.09305555555555556
3 0.1109375 0.6590277777777778 0.03125 0.08472222222222223
3 0.217578125 0.8298611111111112 0.02421875 0.06805555555555555
3 0.95859375 0.8583333333333333 0.08125 0.19444444444444445
3 0.439453125 0.6409722222222223 0.02265625 0.1125
3 0.84140625 0.9138888888888889 0.028125 0.08611111111111111
3 0.45234375 0.4625 0.028125 0.06388888888888888
3 0.553125 0.5388888888888889 0.0234375 0.08055555555555556
3 0.62578125 0.4951388888888889 0.0234375 0.0875
3 0.751171875 0.6729166666666667 0.04140625 0.1736111111111111
3 0.33203125 0.4625 0.01875 0.044444444444444446
3 0.326953125 0.5451388888888888 0.02265625 0.08472222222222223
3 0.32421875 0.7354166666666667 0.053125 0.21805555555555556
3 0.363671875 0.5465277777777777 0.02421875 0.0763888888888889
3 0.71015625 0.49375 0.028125 0.08194444444444444
3 0.79765625 0.70625 0.034375 0.09583333333333334
3 0.308203125 0.5465277777777777 0.02265625 0.07916666666666666
3 0.509375 0.9756944444444444 0.0484375 0.043055555555555555
3 0.3484375 0.7652777777777777 0.03125 0.14722222222222223
3 0.88046875 0.6534722222222222 0.059375 0.17083333333333334
3 0.1109375 0.5770833333333333 0.0421875 0.08194444444444444
3 0.4890625 0.3645833333333333 0.0265625 0.19305555555555556
3 0.837109375 0.6868055555555556 0.02578125 0.10972222222222222
3 0.108203125 0.7590277777777777 0.06796875 0.44583333333333336
3 0.733984375 0.7069444444444445 0.02890625 0.11944444444444445
3 0.5078125 0.8 0.0171875 0.05277777777777778
3 0.690625 0.7152777777777778 0.0265625 0.11666666666666667
3 0.32265625 0.5451388888888888 0.1046875 0.09305555555555556
3 0.7953125 0.6208333333333333 0.24375 0.29444444444444445
3 0.102734375 0.9305555555555556 0.03046875 0.06944444444444445
3 0.3921875 0.98125 0.034375 0.034722222222222224
3 0.446484375 0.9722222222222222 0.05703125 0.05
3 0.710546875 0.7111111111111111 0.03203125 0.11944444444444445
3 0.21953125 0.7715277777777778 0.0234375 0.059722222222222225
3 0.34453125 0.5451388888888888 0.021875 0.09027777777777778
0 0.152734375 0.8076388888888889 0.01171875 0.02638888888888889
0 0.48671875 0.8326388888888889 0.0328125 0.034722222222222224
0 0.636328125 0.9354166666666667 0.03046875 0.029166666666666667
0 0.05078125 0.6784722222222223 0.0078125 0.0125
0 0.921875 0.6791666666666667 0.0171875 0.022222222222222223
0 0.09921875 0.4777777777777778 0.0078125 0.008333333333333333
0 0.151171875 0.8909722222222223 0.01796875 0.03194444444444444
0 0.203125 0.8055555555555556 0.0125 0.027777777777777776
0 0.7921875 0.9277777777777778 0.0296875 0.027777777777777776
0 0.3125 0.8548611111111111 0.0265625 0.02361111111111111
2 0.594921875 0.8645833333333334 0.0046875 0.013194444444444444
2 0.6484375 0.8333333333333334 0.005859375 0.019444444444444445
2 0.686328125 0.8381944444444445 0.0046875 0.01597222222222222
2 0.68125 0.8375 0.005859375 0.017361111111111112
2 0.7703125 0.8270833333333333 0.008984375 0.02013888888888889
2 0.7234375 0.7972222222222223 0.00703125 0.011111111111111112
2 0.28046875 0.8576388888888888 0.00546875 0.016666666666666666
2 0.273828125 0.8576388888888888 0.00546875 0.016666666666666666
0 0.219921875 0.9798611111111111 0.015625 0.03263888888888889
0 0.19296875 0.9729166666666667 0.0171875 0.04236111111111111
0 0.212109375 0.9305555555555556 0.013671875 0.03125
0 0.2109375 0.8951388888888889 0.014453125 0.03194444444444444
0 0.19765625 0.8479166666666667 0.009375 0.027777777777777776
0 0.052734375 0.7583333333333333 0.014453125 0.018055555555555554
0 0.074609375 0.7 0.012890625 0.020833333333333332
0 0.07421875 0.7513888888888889 0.0140625 0.025694444444444443
0 0.20703125 0.7027777777777777 0.0171875 0.024305555555555556
0 0.16875 0.5965277777777778 0.008203125 0.015277777777777777
0 0.164453125 0.5590277777777778 0.010546875 0.010416666666666666