2 0.33515625 0.3951388888888889 0.0375 0.17916666666666667
2 0.56875 0.4125 0.04375 0.16666666666666666
2 0.378125 0.3951388888888889 0.0390625 0.18472222222222223
2 0.41875 0.3993055555555556 0.0515625 0.21805555555555556
2 0.50234375 0.4131944444444444 0.0515625 0.25972222222222224
2 0.531640625 0.41805555555555557 0.03046875 0.16111111111111112
1 0.65859375 0.3645833333333333 0.0296875 0.09027777777777778
1 0.66796875 0.3715277777777778 0.0953125 0.10416666666666667
1 0.295703125 0.39791666666666664 0.05078125 0.043055555555555555
3 0.85859375 0.25972222222222224 0.2796875 0.5194444444444445
3 0.0671875 0.08472222222222223 0.128125 0.16944444444444445
3 0.087109375 0.33055555555555555 0.17421875 0.35833333333333334
3 0.623828125 0.2111111111111111 0.11328125 0.4166666666666667
3 0.11484375 0.09166666666666666 0.03125 0.18333333333333332
3 0.362109375 0.24166666666666667 0.03984375 0.09444444444444444
3 0.012890625 0.04861111111111111 0.02578125 0.09722222222222222
3 0.330859375 0.2548611111111111 0.02890625 0.10972222222222222
3 0.6171875 0.37777777777777777 0.053125 0.09166666666666666
3 0.390234375 0.2881944444444444 0.03046875 0.0763888888888889
3 0.54921875 0.33819444444444446 0.0234375 0.043055555555555555
3 0.390234375 0.26875 0.03046875 0.0375
3 0.298046875 0.24375 0.03203125 0.08194444444444444
3 0.93046875 0.21319444444444444 0.1375 0.4263888888888889
1 0.884375 0.4548611111111111 0.228515625 0.14444444444444443