2 0.098046875 0.5861111111111111 0.01328125 0.06111111111111111
2 0.040234375 0.5784722222222223 0.01484375 0.034722222222222224
2 0.85625 0.65 0.0171875 0.05555555555555555
2 0.902734375 0.6361111111111111 0.01640625 0.08333333333333333
2 0.882421875 0.6354166666666666 0.02265625 0.09305555555555556
2 0.71484375 0.5895833333333333 0.0203125 0.0625
1 0.497265625 0.6847222222222222 0.99140625 0.6222222222222222
1 0.2125 0.8715277777777778 0.4234375 0.2513888888888889
1 0.1203125 0.8555555555555555 0.04375 0.2388888888888889
1 0.21328125 0.6833333333333333 0.4234375 0.625
1 0.30234375 0.6104166666666667 0.1140625 0.20972222222222223
3 0.854296875 0.49583333333333335 0.28984375 0.9916666666666667
3 0.6421875 0.4340277777777778 0.246875 0.35138888888888886
3 0.4734375 0.4826388888888889 0.0296875 0.05416666666666667
3 0.4015625 0.46319444444444446 0.0359375 0.0875
3 0.641015625 0.6041666666666666 0.14140625 0.2777777777777778
3 0.4421875 0.4847222222222222 0.025 0.044444444444444446
3 0.14140625 0.3902777777777778 0.2828125 0.4583333333333333
3 0.05390625 0.38819444444444445 0.1078125 0.45416666666666666
3 0.19375 0.4305555555555556 0.1765625 0.36666666666666664
3 0.4 0.5090277777777777 0.0390625 0.17916666666666667
3 0.3234375 0.5347222222222222 0.0515625 0.09444444444444444
3 0.35234375 0.5381944444444444 0.0203125 0.05138888888888889