3 0.615234375 0.93125 0.098828125 0.13402777777777777
3 0.523046875 0.48333333333333334 0.1921875 0.31319444444444444
3 0.941015625 0.8611111111111112 0.115625 0.2722222222222222
3 0.83515625 0.47708333333333336 0.244140625 0.2659722222222222
3 0.51171875 0.14791666666666667 0.253515625 0.2951388888888889
3 0.683984375 0.2923611111111111 0.072265625 0.13402777777777777
3 0.069140625 0.35625 0.070703125 0.13333333333333333
3 0.478125 0.9138888888888889 0.059375 0.10555555555555556
3 0.146875 0.9180555555555555 0.129296875 0.16041666666666668
3 0.269921875 0.4875 0.063671875 0.10277777777777777
3 0.418359375 0.29791666666666666 0.151953125 0.27708333333333335
3 0.761328125 0.5319444444444444 0.096875 0.1527777777777778
3 0.323046875 0.8840277777777777 0.034765625 0.08263888888888889
3 0.682421875 0.8104166666666667 0.08125 0.22152777777777777
3 0.037109375 0.7569444444444444 0.07421875 0.225
3 0.378515625 0.8055555555555556 0.043359375 0.14097222222222222
3 0.763671875 0.8770833333333333 0.0328125 0.10277777777777777
3 0.326953125 0.3902777777777778 0.06875 0.18055555555555555
3 0.673046875 0.8513888888888889 0.062890625 0.13402777777777777
3 0.48984375 0.7270833333333333 0.0328125 0.07708333333333334
3 0.961328125 0.64375 0.075 0.21041666666666667
3 0.04609375 0.475 0.078515625 0.11666666666666667
3 0.087109375 0.8631944444444445 0.154296875 0.2673611111111111
3 0.299609375 0.41875 0.123828125 0.23958333333333334
3 0.689453125 0.7576388888888889 0.066796875 0.11597222222222223
3 0.658203125 0.21944444444444444 0.125390625 0.2833333333333333
3 0.055859375 0.41041666666666665 0.097265625 0.24375
3 0.346484375 0.9201388888888888 0.028125 0.06666666666666667
3 0.26015625 0.7347222222222223 0.031640625 0.1284722222222222
3 0.239453125 0.9659722222222222 0.089453125 0.06388888888888888
3 0.403515625 0.9791666666666666 0.0421875 0.03819444444444445
3 0.3671875 0.8979166666666667 0.026171875 0.09097222222222222
3 0.356640625 0.9034722222222222 0.046484375 0.10069444444444445