3 0.871875 0.47708333333333336 0.253125 0.9541666666666667
2 0.478515625 0.9291666666666667 0.03515625 0.1361111111111111
2 0.2265625 0.8944444444444445 0.03125 0.12222222222222222
2 0.265625 0.8916666666666667 0.028125 0.13333333333333333
2 0.76015625 0.9194444444444444 0.028125 0.14722222222222223
2 0.303125 0.9166666666666666 0.03125 0.1638888888888889
2 0.37578125 0.9006944444444445 0.021875 0.12916666666666668
2 0.330078125 0.8972222222222223 0.02578125 0.1111111111111111
2 0.8921875 0.94375 0.040625 0.10972222222222222
2 0.85234375 0.9479166666666666 0.071875 0.10138888888888889
2 0.358203125 0.8861111111111111 0.02109375 0.09722222222222222
3 0.862109375 0.8527777777777777 0.07109375 0.10555555555555556
3 0.1265625 0.5111111111111111 0.253125 0.8055555555555556
3 0.57890625 0.8354166666666667 0.065625 0.13194444444444445
3 0.578515625 0.7993055555555556 0.06484375 0.059722222222222225
3 0.48828125 0.7881944444444444 0.0640625 0.07083333333333333
3 0.776171875 0.8888888888888888 0.09453125 0.12222222222222222