2 0.540625 0.4152777777777778 0.11875 0.55
2 0.281640625 0.37222222222222223 0.06484375 0.3972222222222222
2 0.346484375 0.37222222222222223 0.06484375 0.3861111111111111
2 0.45234375 0.3472222222222222 0.0296875 0.22777777777777777
2 0.744921875 0.28125 0.02109375 0.09027777777777778
2 0.05859375 0.2673611111111111 0.0203125 0.0625
2 0.41484375 0.35138888888888886 0.0421875 0.25555555555555554
2 0.7921875 0.2902777777777778 0.021875 0.075
2 0.819921875 0.29444444444444445 0.02734375 0.06944444444444445
2 0.869140625 0.28680555555555554 0.02421875 0.08472222222222223
2 0.743359375 0.3013888888888889 0.01953125 0.05
3 0.780859375 0.6833333333333333 0.43515625 0.625
3 0.125390625 0.4798611111111111 0.24921875 0.35138888888888886
3 0.7796875 0.1597222222222222 0.171875 0.31666666666666665
3 0.3546875 0.14375 0.1046875 0.2152777777777778
3 0.63359375 0.2638888888888889 0.03125 0.09444444444444444
3 0.707421875 0.27847222222222223 0.04453125 0.07361111111111111
3 0.6703125 0.2625 0.0265625 0.1
3 0.883984375 0.2743055555555556 0.05234375 0.09861111111111111
3 0.662890625 0.15833333333333333 0.11171875 0.30833333333333335
3 0.4671875 0.15069444444444444 0.140625 0.3013888888888889
3 0.719921875 0.2777777777777778 0.01953125 0.06666666666666667