2 0.10078125 0.5215277777777778 0.1328125 0.5902777777777778
2 0.273046875 0.48680555555555555 0.12421875 0.6402777777777777
2 0.530859375 0.5020833333333333 0.13671875 0.4652777777777778
2 0.215625 0.48819444444444443 0.090625 0.5486111111111112
2 0.375 0.40347222222222223 0.053125 0.2569444444444444
2 0.44765625 0.40555555555555556 0.0546875 0.25555555555555554
2 0.417578125 0.4027777777777778 0.03515625 0.25277777777777777
3 0.376953125 0.2965277777777778 0.61484375 0.5930555555555556
3 0.851171875 0.29791666666666666 0.13671875 0.5958333333333333
3 0.031640625 0.23055555555555557 0.06328125 0.24444444444444444
3 0.585546875 0.1875 0.14609375 0.35
3 0.8953125 0.37916666666666665 0.0453125 0.15555555555555556
3 0.396484375 0.17083333333333334 0.17265625 0.3333333333333333
3 0.9828125 0.24375 0.0328125 0.4875