2 0.208203125 0.5326388888888889 0.06640625 0.3402777777777778
2 0.340625 0.48125 0.0328125 0.19305555555555556
2 0.260546875 0.5423611111111111 0.06953125 0.3347222222222222
2 0.388671875 0.48055555555555557 0.03828125 0.18333333333333332
2 0.2953125 0.5145833333333333 0.03125 0.2125
3 0.5078125 0.6423611111111112 0.10625 0.20972222222222223
3 0.384375 0.8701388888888889 0.203125 0.25416666666666665
3 0.54609375 0.2673611111111111 0.196875 0.5347222222222222
3 0.896875 0.4979166666666667 0.05 0.2652777777777778
3 0.382421875 0.3486111111111111 0.18984375 0.6972222222222222
3 0.190234375 0.22916666666666666 0.24140625 0.4583333333333333
3 0.587890625 0.3854166666666667 0.07734375 0.20416666666666666
3 0.667578125 0.4388888888888889 0.03359375 0.1111111111111111
3 0.14921875 0.5111111111111111 0.0890625 0.12777777777777777
3 0.60234375 0.37777777777777777 0.046875 0.16666666666666666
3 0.75625 0.47638888888888886 0.025 0.10555555555555556