2 0.39453125 0.6694444444444444 0.0109375 0.03888888888888889
2 0.23125 0.6659722222222222 0.0125 0.04027777777777778
2 0.21796875 0.6416666666666667 0.009375 0.044444444444444446
2 0.492578125 0.6354166666666666 0.01015625 0.05138888888888889
2 0.72421875 0.6173611111111111 0.009375 0.0375
2 0.44296875 0.6590277777777778 0.0140625 0.06527777777777778
2 0.175390625 0.6513888888888889 0.01171875 0.03333333333333333
2 0.4515625 0.6576388888888889 0.0109375 0.06527777777777778
2 0.073046875 0.6729166666666667 0.00703125 0.034722222222222224
2 0.103515625 0.6770833333333334 0.01171875 0.05694444444444444
1 0.53515625 0.8819444444444444 0.0328125 0.20833333333333334
1 0.544140625 0.8368055555555556 0.90546875 0.32083333333333336
1 0.39453125 0.8298611111111112 0.0328125 0.17083333333333334
1 0.45 0.8729166666666667 0.0265625 0.1597222222222222
1 0.34609375 0.8381944444444445 0.4546875 0.31527777777777777
3 0.953125 0.42916666666666664 0.0921875 0.33055555555555555
3 0.344140625 0.49166666666666664 0.28359375 0.5222222222222223
3 0.108203125 0.4986111111111111 0.21328125 0.4722222222222222
3 0.85 0.4895833333333333 0.0375 0.0625
3 0.7640625 0.48125 0.0375 0.09305555555555556
3 0.035546875 0.34791666666666665 0.07109375 0.6819444444444445
3 0.56484375 0.48541666666666666 0.15 0.35138888888888886
3 0.692578125 0.5833333333333334 0.06640625 0.13333333333333333
3 0.812109375 0.4965277777777778 0.03203125 0.04583333333333333
3 0.9546875 0.5548611111111111 0.046875 0.08472222222222223
3 0.877734375 0.5 0.03515625 0.03888888888888889
3 0.490625 0.4861111111111111 0.1203125 0.35
3 0.1765625 0.4673611111111111 0.121875 0.4097222222222222