1 0.72421875 0.9319444444444445 0.38125 0.13055555555555556
1 0.7640625 0.8180555555555555 0.459375 0.35555555555555557
2 0.936328125 0.8611111111111112 0.07734375 0.275
1 0.693359375 0.9541666666666667 0.01796875 0.07222222222222222
1 0.82421875 0.9180555555555555 0.0140625 0.05416666666666667
2 0.05546875 0.8097222222222222 0.015625 0.030555555555555555
1 0.759765625 0.9256944444444445 0.01953125 0.0875
1 0.7828125 0.8798611111111111 0.0125 0.04027777777777778
1 0.6125 0.9805555555555555 0.0171875 0.03611111111111111
2 0.99140625 0.8444444444444444 0.015625 0.08888888888888889
1 0.743359375 0.7486111111111111 0.25703125 0.21666666666666667
1 0.630078125 0.7138888888888889 0.03671875 0.14166666666666666
3 0.712890625 0.5229166666666667 0.14140625 0.5513888888888889
3 0.083203125 0.6180555555555556 0.09765625 0.2638888888888889
3 0.632421875 0.5173611111111112 0.11328125 0.2986111111111111
3 0.49375 0.5215277777777778 0.0703125 0.10416666666666667
3 0.221875 0.5097222222222222 0.06875 0.07777777777777778
3 0.045703125 0.55 0.09140625 0.4
3 0.44609375 0.51875 0.046875 0.10416666666666667
3 0.28671875 0.5263888888888889 0.065625 0.05555555555555555
3 0.406640625 0.5215277777777778 0.04609375 0.09027777777777778
3 0.166796875 0.55 0.04921875 0.058333333333333334
3 0.131640625 0.6347222222222222 0.04140625 0.20833333333333334
3 0.363671875 0.5222222222222223 0.03984375 0.07777777777777778
3 0.436328125 0.51875 0.18515625 0.10694444444444444
3 0.151171875 0.6298611111111111 0.08046875 0.21805555555555556