2 0.392578125 0.4173611111111111 0.17734375 0.5291666666666667
2 0.056640625 0.41041666666666665 0.09921875 0.43194444444444446
2 0.137109375 0.38680555555555557 0.09453125 0.4152777777777778
2 0.19296875 0.37430555555555556 0.0859375 0.45694444444444443
2 0.30078125 0.30833333333333335 0.046875 0.21944444444444444
2 0.24296875 0.31666666666666665 0.046875 0.21944444444444444
2 0.270703125 0.3076388888888889 0.03203125 0.21805555555555556
3 0.508203125 0.21666666666666667 0.11953125 0.43333333333333335
3 0.78203125 0.17430555555555555 0.1234375 0.3486111111111111
3 0.091796875 0.16944444444444445 0.18359375 0.3388888888888889
3 0.67734375 0.2326388888888889 0.0546875 0.13194444444444445
3 0.605859375 0.27361111111111114 0.06328125 0.29444444444444445
3 0.415234375 0.12708333333333333 0.12421875 0.25416666666666665
3 0.284765625 0.21736111111111112 0.56640625 0.43472222222222223
3 0.540625 0.2048611111111111 0.0296875 0.14583333333333334
3 0.229296875 0.20902777777777778 0.12578125 0.41805555555555557
3 0.2515625 0.12083333333333333 0.1703125 0.24166666666666667