2 0.721484375 0.4263888888888889 0.047265625 0.11944444444444445
1 0.7015625 0.4 0.175 0.2534722222222222
1 0.5 0.8090277777777778 0.998046875 0.3770833333333333
1 0.709765625 0.48541666666666666 0.0265625 0.10833333333333334
3 0.696484375 0.24027777777777778 0.085546875 0.21388888888888888
3 0.621484375 0.22916666666666666 0.080078125 0.16180555555555556
3 0.38828125 0.13125 0.1015625 0.2625
3 0.433203125 0.16041666666666668 0.094140625 0.20208333333333334
3 0.23671875 0.17569444444444443 0.059765625 0.08611111111111111
3 0.323046875 0.1423611111111111 0.101171875 0.28402777777777777
3 0.26171875 0.15833333333333333 0.108984375 0.31666666666666665
3 0.52265625 0.2965277777777778 0.0984375 0.3506944444444444
3 0.9546875 0.6291666666666667 0.088671875 0.18819444444444444
3 0.487109375 0.36527777777777776 0.0296875 0.22291666666666668
3 0.619140625 0.42430555555555555 0.0640625 0.12986111111111112
3 0.855078125 0.3840277777777778 0.288671875 0.64375
3 0.1265625 0.15763888888888888 0.121875 0.31527777777777777
3 0.5453125 0.23541666666666666 0.054296875 0.1527777777777778