2 0.279296875 0.55 0.05703125 0.21944444444444444
2 0.328125 0.5402777777777777 0.0375 0.19722222222222222
2 0.353125 0.5430555555555555 0.034375 0.2
2 0.473828125 0.4930555555555556 0.01328125 0.09166666666666666
2 0.457421875 0.49583333333333335 0.02421875 0.14166666666666666
3 0.08671875 0.3090277777777778 0.1734375 0.6180555555555556
3 0.3484375 0.3326388888888889 0.184375 0.6652777777777777
3 0.56640625 0.2763888888888889 0.346875 0.5527777777777778
3 0.165625 0.8756944444444444 0.1734375 0.23194444444444445
3 0.371484375 0.33819444444444446 0.73828125 0.6763888888888889
3 0.233984375 0.23055555555555557 0.15078125 0.46111111111111114