3 0.3765625 0.46805555555555556 0.023828125 0.07847222222222222
3 0.39296875 0.7909722222222222 0.033984375 0.09236111111111112
3 0.656640625 0.7666666666666667 0.03125 0.09444444444444444
3 0.853125 0.7770833333333333 0.039453125 0.05555555555555555
3 0.354296875 0.47847222222222224 0.0265625 0.0798611111111111
3 0.6171875 0.7548611111111111 0.032421875 0.07777777777777778
3 0.139453125 0.8125 0.0296875 0.07847222222222222
3 0.058984375 0.27847222222222223 0.012109375 0.06180555555555556
3 0.4078125 0.14097222222222222 0.020703125 0.05347222222222222
3 0.113671875 0.30277777777777776 0.042578125 0.09236111111111112
3 0.519140625 0.08819444444444445 0.0234375 0.04375
3 0.964453125 0.37569444444444444 0.023046875 0.05763888888888889
3 0.35859375 0.8423611111111111 0.049609375 0.08055555555555556
3 0.542578125 0.4798611111111111 0.025390625 0.07777777777777778
3 0.501953125 0.7631944444444444 0.033203125 0.12569444444444444
3 0.144140625 0.7506944444444444 0.0328125 0.05763888888888889
3 0.16328125 0.38680555555555557 0.025390625 0.07777777777777778
3 0.7265625 0.8381944444444445 0.034375 0.08680555555555555
3 0.052734375 0.7673611111111112 0.041015625 0.06875
3 0.344140625 0.3590277777777778 0.035546875 0.06319444444444444
3 0.584765625 0.7618055555555555 0.034375 0.06875
3 0.340234375 0.2590277777777778 0.040234375 0.06597222222222222
3 0.741796875 0.23333333333333334 0.034375 0.07013888888888889
3 0.13828125 0.5743055555555555 0.037109375 0.05277777777777778
3 0.533984375 0.8298611111111112 0.026953125 0.09236111111111112
3 0.132421875 0.4777777777777778 0.038671875 0.09791666666666667
3 0.661328125 0.5069444444444444 0.028515625 0.06388888888888888
3 0.620703125 0.8326388888888889 0.033984375 0.09166666666666666
3 0.366796875 0.8555555555555555 0.031640625 0.052083333333333336
3 0.136328125 0.40069444444444446 0.021484375 0.06597222222222222
3 0.4734375 0.6673611111111111 0.01875 0.04375
3 0.2765625 0.7965277777777777 0.038671875 0.11180555555555556
3 0.603515625 0.1840277777777778 0.033203125 0.05625
3 0.348046875 0.8277777777777777 0.026953125 0.052083333333333336
3 0.646484375 0.8388888888888889 0.029296875 0.07777777777777778
3 0.702734375 0.09583333333333334 0.032421875 0.07152777777777777
3 0.687109375 0.5027777777777778 0.0234375 0.08888888888888889
3 0.29609375 0.4826388888888889 0.0265625 0.07569444444444444
3 0.97578125 0.39652777777777776 0.0140625 0.05
3 0.77109375 0.35347222222222224 0.021484375 0.06666666666666667
3 0.773828125 0.28541666666666665 0.0171875 0.04722222222222222
3 0.294140625 0.8479166666666667 0.023046875 0.04791666666666667
3 0.941796875 0.03958333333333333 0.0140625 0.035416666666666666
3 0.478125 0.5854166666666667 0.0203125 0.04722222222222222
3 0.674609375 0.20833333333333334 0.011328125 0.04236111111111111
3 0.555859375 0.8229166666666666 0.030078125 0.10486111111111111
3 0.3890625 0.03263888888888889 0.025 0.04722222222222222
3 0.577734375 0.8340277777777778 0.032421875 0.09444444444444444
3 0.394140625 0.31319444444444444 0.035546875 0.05555555555555555
3 0.501953125 0.49722222222222223 0.029296875 0.07430555555555556
3 0.435546875 0.43680555555555556 0.015234375 0.035416666666666666
3 0.308203125 0.33958333333333335 0.025390625 0.05
3 0.366015625 0.059722222222222225 0.0265625 0.03958333333333333
3 0.614453125 0.18125 0.0125 0.03680555555555556
3 0.256640625 0.47291666666666665 0.021875 0.07708333333333334
3 0.349609375 0.2659722222222222 0.021484375 0.05347222222222222
3 0.704296875 0.7673611111111112 0.0296875 0.07708333333333334
3 0.186328125 0.35625 0.016796875 0.035416666666666666
3 0.522265625 0.5402777777777777 0.019140625 0.04375
3 0.04609375 0.8305555555555556 0.0515625 0.09444444444444444
3 0.95390625 0.26458333333333334 0.019140625 0.06041666666666667
3 0.708984375 0.36736111111111114 0.021875 0.06111111111111111
3 0.279296875 0.7743055555555556 0.031640625 0.06666666666666667
3 0.207421875 0.5618055555555556 0.0515625 0.08958333333333333
3 0.986328125 0.16597222222222222 0.026171875 0.06458333333333334
3 0.682421875 0.8097222222222222 0.032421875 0.1361111111111111
3 0.238671875 0.30486111111111114 0.0140625 0.034027777777777775
3 0.1234375 0.24027777777777778 0.032421875 0.08055555555555556
3 0.710546875 0.9840277777777777 0.032421875 0.030555555555555555
3 0.35 0.6569444444444444 0.026953125 0.08819444444444445
3 0.651953125 0.8020833333333334 0.264453125 0.17152777777777778
3 0.419921875 0.3173611111111111 0.087109375 0.11388888888888889
3 0.420703125 0.34375 0.0375 0.058333333333333334
1 0.494140625 0.5875 0.017578125 0.04027777777777778
3 0.139453125 0.05555555555555555 0.0234375 0.059027777777777776
3 0.234375 0.6583333333333333 0.151953125 0.4444444444444444
3 0.12578125 0.17569444444444443 0.043359375 0.05486111111111111
3 0.51171875 0.013194444444444444 0.0359375 0.02638888888888889
3 0.44453125 0.6104166666666667 0.0203125 0.06736111111111111
3 0.681640625 0.7729166666666667 0.03125 0.06458333333333334
3 0.32890625 0.7729166666666667 0.019140625 0.050694444444444445
0 0.526953125 0.9256944444444445 0.023828125 0.02013888888888889
0 0.458984375 0.9229166666666667 0.024609375 0.021527777777777778
0 0.637109375 0.9215277777777777 0.024609375 0.022222222222222223
0 0.229296875 0.8854166666666666 0.0234375 0.02013888888888889
0 0.240625 0.9229166666666667 0.023046875 0.021527777777777778
0 0.055859375 0.08958333333333333 0.006640625 0.011805555555555555
0 0.092578125 0.5243055555555556 0.010546875 0.02013888888888889
0 0.178515625 0.9104166666666667 0.0234375 0.021527777777777778
0 0.68828125 0.9208333333333333 0.025390625 0.022916666666666665
0 0.08828125 0.4048611111111111 0.008984375 0.01875
0 0.883984375 0.9479166666666666 0.029296875 0.025
0 0.03046875 0.5201388888888889 0.009765625 0.024305555555555556
0 0.0703125 0.06111111111111111 0.007421875 0.011111111111111112
0 0.073046875 0.22291666666666668 0.007421875 0.013194444444444444
0 0.78125 0.9118055555555555 0.026171875 0.027083333333333334
0 0.8515625 0.9479166666666666 0.026953125 0.021527777777777778
0 0.724609375 0.9395833333333333 0.0265625 0.022222222222222223
0 0.987890625 0.9006944444444445 0.0234375 0.021527777777777778
0 0.094140625 0.8486111111111111 0.0125 0.034027777777777775
0 0.079296875 0.2513888888888889 0.008203125 0.01597222222222222
0 0.965625 0.9520833333333333 0.026171875 0.016666666666666666
0 0.823046875 0.70625 0.0125 0.029861111111111113
0 0.19375 0.8881944444444444 0.020703125 0.02013888888888889
0 0.018359375 0.38263888888888886 0.0078125 0.016666666666666666
0 0.0328125 0.3506944444444444 0.008203125 0.016666666666666666
0 0.083984375 0.08055555555555556 0.007421875 0.013194444444444444
0 0.824609375 0.88125 0.0125 0.03333333333333333
0 0.822265625 0.9465277777777777 0.026953125 0.021527777777777778
0 0.10546875 0.43819444444444444 0.008984375 0.017361111111111112
0 0.0234375 0.4083333333333333 0.008203125 0.01875
0 0.141015625 0.8868055555555555 0.024609375 0.027083333333333334
0 0.733203125 0.8993055555555556 0.020703125 0.02013888888888889
0 0.323046875 0.98125 0.028515625 0.022916666666666665
0 0.171875 0.7930555555555555 0.01875 0.019444444444444445
0 0.814453125 0.6673611111111111 0.010546875 0.025
0 0.087890625 0.2111111111111111 0.00625 0.011111111111111112
0 0.15703125 0.8715277777777778 0.022265625 0.025694444444444443
0 0.098828125 0.17222222222222222 0.006640625 0.011111111111111112
0 0.756640625 0.9409722222222222 0.026171875 0.021527777777777778
0 0.031640625 0.5826388888888889 0.010546875 0.021527777777777778
0 0.800390625 0.6090277777777777 0.012109375 0.021527777777777778
0 0.309765625 0.7965277777777777 0.009765625 0.014583333333333334
0 0.799609375 0.8715277777777778 0.019140625 0.03819444444444445
0 0.788671875 0.9444444444444444 0.026953125 0.022222222222222223
0 0.347265625 0.98125 0.024609375 0.021527777777777778
0 0.69921875 0.50625 0.009765625 0.025
0 0.324609375 0.8888888888888888 0.0234375 0.027777777777777776
0 0.09609375 0.13819444444444445 0.006640625 0.013888888888888888
0 0.91953125 0.95 0.0265625 0.022222222222222223
0 0.033203125 0.7659722222222223 0.0109375 0.029861111111111113
0 0.091796875 0.1076388888888889 0.00625 0.010416666666666666
0 0.2984375 0.9930555555555556 0.023828125 0.011805555555555555
0 0.787109375 0.7305555555555555 0.013671875 0.025694444444444443
0 0.018359375 0.5875 0.0109375 0.027083333333333334
0 0.135546875 0.6923611111111111 0.012890625 0.034027777777777775
0 0.780859375 0.6972222222222222 0.011328125 0.022222222222222223
0 0.792578125 0.7590277777777777 0.015625 0.027777777777777776
0 0.353515625 0.8888888888888888 0.022265625 0.02013888888888889
0 0.79765625 0.7923611111111111 0.016015625 0.034027777777777775
0 0.097265625 0.3215277777777778 0.007421875 0.017361111111111112
1 0.41484375 0.5930555555555556 0.0390625 0.050694444444444445
1 0.34921875 0.33055555555555555 0.05703125 0.025
1 0.5046875 0.6645833333333333 0.038671875 0.0625
1 0.419921875 0.6666666666666666 0.0171875 0.04722222222222222
1 0.552734375 0.6604166666666667 0.021875 0.059722222222222225