2 0.7890625 0.6076388888888888 0.0234375 0.09583333333333334
2 0.3796875 0.6597222222222222 0.053125 0.2777777777777778
2 0.599609375 0.5881944444444445 0.01640625 0.08472222222222223
2 0.612890625 0.5902777777777778 0.01328125 0.06666666666666667
2 0.5328125 0.5930555555555556 0.0171875 0.08611111111111111
2 0.709765625 0.6090277777777777 0.02265625 0.0875
2 0.741796875 0.6069444444444444 0.01953125 0.08611111111111111
1 0.315625 0.55625 0.340625 0.22361111111111112
1 0.78515625 0.7395833333333334 0.428125 0.19027777777777777
1 0.56875 0.6388888888888888 0.8578125 0.3888888888888889
1 0.31015625 0.6319444444444444 0.3296875 0.07222222222222222
3 0.181640625 0.2777777777777778 0.10078125 0.21666666666666667
3 0.077734375 0.36041666666666666 0.08515625 0.1875
3 0.766796875 0.4340277777777778 0.06171875 0.16527777777777777
3 0.701953125 0.4597222222222222 0.05703125 0.16944444444444445
3 0.453125 0.3736111111111111 0.0765625 0.10277777777777777
3 0.81640625 0.4361111111111111 0.0578125 0.18611111111111112
3 0.86328125 0.4076388888888889 0.0671875 0.1625
3 0.94453125 0.4027777777777778 0.065625 0.18333333333333332
3 0.019921875 0.34305555555555556 0.03984375 0.17777777777777778
3 0.903515625 0.4409722222222222 0.06328125 0.14027777777777778
3 0.44921875 0.5409722222222222 0.084375 0.13194444444444445
3 0.64140625 0.4597222222222222 0.0609375 0.22777777777777777
3 0.305859375 0.42986111111111114 0.03984375 0.05138888888888889
3 0.33984375 0.5006944444444444 0.0453125 0.1736111111111111
3 0.225390625 0.48055555555555557 0.08671875 0.14166666666666666
3 0.983203125 0.34930555555555554 0.03203125 0.07916666666666666
3 0.612109375 0.4736111111111111 0.04765625 0.2
3 0.791796875 0.48125 0.04296875 0.08194444444444444
3 0.830859375 0.6173611111111111 0.04921875 0.09583333333333334
3 0.49921875 0.41597222222222224 0.034375 0.029166666666666667
3 0.04921875 0.43125 0.040625 0.05138888888888889
3 0.305859375 0.4930555555555556 0.03984375 0.18055555555555555
3 0.981640625 0.4076388888888889 0.03515625 0.19583333333333333
3 0.339453125 0.43680555555555556 0.04453125 0.04583333333333333
3 0.353515625 0.5430555555555555 0.04921875 0.1
3 0.978125 0.6076388888888888 0.0421875 0.1486111111111111
3 0.102734375 0.44513888888888886 0.03046875 0.03194444444444444
3 0.88203125 0.47430555555555554 0.040625 0.06805555555555555
3 0.586328125 0.47638888888888886 0.02734375 0.03333333333333333
0 0.321484375 0.5597222222222222 0.01796875 0.013888888888888888