2 0.223828125 0.69375 0.10859375 0.5458333333333333
2 0.3453125 0.7423611111111111 0.10625 0.5125
2 0.172265625 0.6666666666666666 0.07734375 0.46944444444444444
2 0.326953125 0.6826388888888889 0.06171875 0.44305555555555554
3 0.91640625 0.4979166666666667 0.1671875 0.9958333333333333
3 0.634765625 0.3298611111111111 0.30390625 0.6597222222222222
3 0.425 0.3034722222222222 0.2921875 0.6041666666666666
3 0.039453125 0.3284722222222222 0.07890625 0.6569444444444444
3 0.201953125 0.24930555555555556 0.39296875 0.4986111111111111
3 0.7203125 0.36319444444444443 0.17421875 0.7263888888888889
3 0.626953125 0.34305555555555556 0.14453125 0.6083333333333333
3 0.384375 0.35208333333333336 0.76875 0.7041666666666667
3 0.2859375 0.5381944444444444 0.1171875 0.3263888888888889
3 0.18125 0.24513888888888888 0.140625 0.49027777777777776