1 0.498046875 0.4965277777777778 0.99609375 0.9930555555555556
1 0.93828125 0.85625 0.122265625 0.19930555555555557
3 0.41640625 0.3638888888888889 0.0265625 0.10555555555555556
3 0.36328125 0.6784722222222223 0.037890625 0.09722222222222222
3 0.394140625 0.36736111111111114 0.0265625 0.09166666666666666
3 0.659375 0.73125 0.0375 0.1361111111111111
3 0.611328125 0.69375 0.040234375 0.08611111111111111
3 0.123828125 0.90625 0.036328125 0.07013888888888889
3 0.507421875 0.7555555555555555 0.03125 0.11319444444444444
3 0.901953125 0.7881944444444444 0.042578125 0.06180555555555556
3 0.634375 0.4048611111111111 0.028125 0.09791666666666667
3 0.5875 0.40625 0.029296875 0.10555555555555556
3 0.477734375 0.6826388888888889 0.041015625 0.12152777777777778
3 0.5203125 0.05625 0.025 0.05625
3 0.1296875 0.5902777777777778 0.033203125 0.06736111111111111
3 0.386328125 0.47291666666666665 0.023046875 0.06458333333333334
3 0.253125 0.36736111111111114 0.036328125 0.10347222222222222
3 0.04140625 0.58125 0.041015625 0.07222222222222222
3 0.7140625 0.7368055555555556 0.034375 0.09513888888888888
3 0.725390625 0.45902777777777776 0.0296875 0.08055555555555556
3 0.87109375 0.1840277777777778 0.028515625 0.08333333333333333
3 0.22421875 0.9368055555555556 0.043359375 0.059027777777777776
3 0.166015625 0.4201388888888889 0.036328125 0.059027777777777776
3 0.198828125 0.2520833333333333 0.028515625 0.06597222222222222
3 0.648046875 0.020833333333333332 0.026171875 0.041666666666666664
3 0.576953125 0.69375 0.035546875 0.07291666666666667
3 0.01171875 0.25069444444444444 0.019140625 0.04375
3 0.026953125 0.6375 0.036328125 0.075
3 0.634765625 0.7951388888888888 0.0359375 0.09375
3 0.173046875 0.3388888888888889 0.034375 0.07777777777777778
3 0.544921875 0.39444444444444443 0.032421875 0.05763888888888889
3 0.85703125 0.04791666666666667 0.034765625 0.07430555555555556
3 0.90234375 0.2520833333333333 0.0203125 0.06597222222222222
3 0.255859375 0.7180555555555556 0.0375 0.05486111111111111
3 0.801953125 0.32083333333333336 0.0265625 0.10625
3 0.776171875 0.8166666666666667 0.040625 0.1111111111111111
3 0.426171875 0.15902777777777777 0.044140625 0.07708333333333334
3 0.734375 0.8090277777777778 0.041796875 0.075
3 0.30703125 0.7076388888888889 0.034765625 0.06319444444444444
3 0.685546875 0.73125 0.035546875 0.07152777777777777
3 0.2265625 0.2298611111111111 0.020703125 0.04236111111111111
3 0.485546875 0.5798611111111112 0.025390625 0.04513888888888889
3 0.74609375 0.7395833333333334 0.0359375 0.09166666666666666
3 0.60703125 0.7840277777777778 0.033984375 0.10347222222222222
3 0.801171875 0.49236111111111114 0.0546875 0.11666666666666667
3 0.327734375 0.74375 0.030078125 0.06041666666666667
3 0.680859375 0.4076388888888889 0.028515625 0.06597222222222222
3 0.336328125 0.35833333333333334 0.026953125 0.08333333333333333
3 0.2078125 0.5493055555555556 0.113671875 0.36180555555555555
3 0.113671875 0.64375 0.030078125 0.07847222222222222
3 0.244921875 0.6465277777777778 0.0390625 0.1076388888888889
3 0.586328125 0.5986111111111111 0.0296875 0.06041666666666667
3 0.655859375 0.40625 0.0265625 0.07847222222222222
3 0.519921875 0.20208333333333334 0.041796875 0.07013888888888889
3 0.505859375 0.6472222222222223 0.022265625 0.06875
3 0.297265625 0.34305555555555556 0.024609375 0.08958333333333333
3 0.716015625 0.11180555555555556 0.0234375 0.049305555555555554
3 0.534765625 0.7590277777777777 0.034375 0.11388888888888889
3 0.751171875 0.44930555555555557 0.026953125 0.10486111111111111
3 0.707421875 0.42916666666666664 0.027734375 0.08958333333333333
3 0.300390625 0.9354166666666667 0.0484375 0.1
3 0.582421875 0.7729166666666667 0.028515625 0.10069444444444445
3 0.68125 0.8034722222222223 0.033203125 0.1
3 0.225390625 0.40902777777777777 0.047265625 0.07708333333333334
3 0.7953125 0.6625 0.053125 0.11041666666666666
3 0.73515625 0.11736111111111111 0.012109375 0.041666666666666664
3 0.458984375 0.26180555555555557 0.016796875 0.03680555555555556
3 0.198046875 0.16944444444444445 0.041015625 0.08541666666666667
3 0.556640625 0.7694444444444445 0.033203125 0.10208333333333333
3 0.618359375 0.9875 0.036328125 0.022916666666666665
3 0.214453125 0.9152777777777777 0.222265625 0.16597222222222222
3 0.5875 0.21041666666666667 0.013671875 0.02847222222222222
3 0.387890625 0.9701388888888889 0.035546875 0.05763888888888889
3 0.665234375 0.9833333333333333 0.040625 0.03125
3 0.235546875 0.47152777777777777 0.034375 0.0798611111111111
3 0.782421875 0.7416666666666667 0.0390625 0.07569444444444444
3 0.348046875 0.5625 0.027734375 0.058333333333333334
3 0.410546875 0.25069444444444444 0.043359375 0.06388888888888888
3 0.23515625 0.05763888888888889 0.043359375 0.05763888888888889
3 0.22734375 0.5479166666666667 0.033984375 0.09375
3 0.789453125 0.5611111111111111 0.042578125 0.1111111111111111
3 0.802734375 0.9791666666666666 0.01875 0.03819444444444445
3 0.492578125 0.34097222222222223 0.01875 0.03819444444444445
3 0.4703125 0.5006944444444444 0.023046875 0.035416666666666666
3 0.762890625 0.13402777777777777 0.014453125 0.035416666666666666
3 0.8078125 0.7770833333333333 0.030078125 0.06319444444444444
3 0.016796875 0.7027777777777777 0.023046875 0.06111111111111111
3 0.075390625 0.19791666666666666 0.021484375 0.04652777777777778
3 0.803515625 0.14791666666666667 0.012890625 0.049305555555555554
3 0.50625 0.49722222222222223 0.026171875 0.04791666666666667
3 0.47265625 0.22847222222222222 0.0359375 0.08263888888888889
3 0.312890625 0.6465277777777778 0.017578125 0.03680555555555556
3 0.21015625 0.5666666666666667 0.041015625 0.08541666666666667
3 0.3171875 0.34791666666666665 0.025 0.08541666666666667
3 0.446875 0.5895833333333333 0.021875 0.05763888888888889
3 0.09921875 0.36180555555555555 0.0359375 0.07777777777777778
3 0.888671875 0.32430555555555557 0.026171875 0.06319444444444444
3 0.216796875 0.12222222222222222 0.040625 0.07430555555555556
3 0.044921875 0.019444444444444445 0.046875 0.03888888888888889
0 0.323828125 0.9048611111111111 0.026953125 0.02847222222222222
0 0.091796875 0.9215277777777777 0.031640625 0.04097222222222222
0 0.47109375 0.8576388888888888 0.028515625 0.024305555555555556
0 0.32734375 0.8215277777777777 0.0265625 0.024305555555555556
0 0.11796875 0.7423611111111111 0.0234375 0.027777777777777776
0 0.715234375 0.9375 0.03125 0.025
0 0.78359375 0.9076388888888889 0.030859375 0.027083333333333334
0 0.21171875 0.016666666666666666 0.0078125 0.011111111111111112
0 0.465234375 0.96875 0.031640625 0.024305555555555556
0 0.187109375 0.7395833333333334 0.023828125 0.021527777777777778
0 0.08046875 0.5826388888888889 0.012890625 0.025694444444444443
0 0.850390625 0.8958333333333334 0.018359375 0.041666666666666664
0 0.189453125 0.03333333333333333 0.008984375 0.014583333333333334
0 0.231640625 0.8513888888888889 0.029296875 0.027083333333333334
0 0.145703125 0.09236111111111112 0.007421875 0.013194444444444444
0 0.195703125 0.05486111111111111 0.007421875 0.009027777777777777
0 0.242578125 0.7923611111111111 0.0265625 0.024305555555555556
0 0.049609375 0.7381944444444445 0.013671875 0.02847222222222222
0 0.834765625 0.9784722222222222 0.033203125 0.029861111111111113
0 0.141796875 0.13333333333333333 0.0109375 0.022222222222222223
0 0.792578125 0.9631944444444445 0.0328125 0.025
0 0.885546875 0.7090277777777778 0.014453125 0.03819444444444445
0 0.07421875 0.81875 0.015234375 0.03333333333333333
0 0.12421875 0.19236111111111112 0.0078125 0.014583333333333334
0 0.872265625 0.9868055555555556 0.034375 0.024305555555555556
0 0.733984375 0.8951388888888889 0.025390625 0.027083333333333334
0 0.753515625 0.9520833333333333 0.0328125 0.027777777777777776
0 0.822265625 0.8847222222222222 0.028515625 0.04513888888888889
0 0.251171875 0.7597222222222222 0.023828125 0.025
0 0.13046875 0.43333333333333335 0.0109375 0.02013888888888889
0 0.13671875 0.3173611111111111 0.012109375 0.022916666666666665
0 0.16640625 0.17083333333333334 0.0078125 0.013888888888888888
0 0.167578125 0.2916666666666667 0.009375 0.016666666666666666
0 0.224609375 0.7506944444444444 0.025390625 0.024305555555555556
0 0.551953125 0.05347222222222222 0.011328125 0.025
0 0.869921875 0.89375 0.024609375 0.041666666666666664
0 0.285546875 0.8666666666666667 0.024609375 0.024305555555555556
0 0.102734375 0.5576388888888889 0.00625 0.017361111111111112
0 0.95625 0.5888888888888889 0.014453125 0.016666666666666666
0 0.130078125 0.3645833333333333 0.008984375 0.016666666666666666
0 0.880078125 0.6215277777777778 0.016796875 0.03333333333333333
0 0.835546875 0.7256944444444444 0.014453125 0.029861111111111113
0 0.075390625 0.7652777777777777 0.021484375 0.041666666666666664
0 0.120703125 0.7076388888888889 0.020703125 0.027777777777777776
0 0.13828125 0.5361111111111111 0.0171875 0.03333333333333333
0 0.114453125 0.4131944444444444 0.0109375 0.02013888888888889
0 0.185546875 0.9701388888888889 0.031640625 0.029861111111111113
0 0.141015625 0.2826388888888889 0.008203125 0.01597222222222222
0 0.283203125 0.9854166666666667 0.027734375 0.027777777777777776
0 0.534765625 0.8388888888888889 0.028515625 0.027777777777777776
0 0.077734375 0.6708333333333333 0.0140625 0.027083333333333334
0 0.16953125 0.21041666666666667 0.0078125 0.013888888888888888
0 0.151953125 0.26180555555555557 0.006640625 0.011805555555555555
0 0.282421875 0.7680555555555556 0.025390625 0.027083333333333334
0 0.341015625 0.9645833333333333 0.025 0.016666666666666666
0 0.151953125 0.2916666666666667 0.009375 0.016666666666666666
0 0.85234375 0.7319444444444444 0.012109375 0.03263888888888889
0 0.325390625 0.6506944444444445 0.008203125 0.01597222222222222
0 0.834375 0.6493055555555556 0.014453125 0.034027777777777775
0 0.09296875 0.6993055555555555 0.016015625 0.02847222222222222
0 0.207421875 0.07708333333333334 0.008984375 0.013194444444444444
0 0.2890625 0.7333333333333333 0.011328125 0.01875
0 0.260546875 0.8597222222222223 0.029296875 0.02847222222222222
0 0.70859375 0.8840277777777777 0.015234375 0.022916666666666665
0 0.332421875 0.7840277777777778 0.015625 0.01597222222222222
0 0.0859375 0.7256944444444444 0.01875 0.030555555555555555
0 0.155078125 0.37777777777777777 0.011328125 0.024305555555555556
0 0.833984375 0.6118055555555556 0.015625 0.03263888888888889
0 0.836328125 0.8368055555555556 0.016015625 0.03333333333333333
0 0.494921875 0.9145833333333333 0.064453125 0.035416666666666666
0 0.834765625 0.6868055555555556 0.012109375 0.025
0 0.893359375 0.8506944444444444 0.012890625 0.04236111111111111
0 0.097265625 0.6326388888888889 0.011328125 0.025694444444444443
0 0.88203125 0.6631944444444444 0.0140625 0.030555555555555555
0 0.117578125 0.5243055555555556 0.0140625 0.027777777777777776
0 0.913671875 0.9909722222222223 0.037890625 0.016666666666666666
0 0.008984375 0.7708333333333334 0.01796875 0.041666666666666664
1 0.52421875 0.5833333333333334 0.04921875 0.06875
1 0.52578125 0.5055555555555555 0.023046875 0.03888888888888889
1 0.430078125 0.5652777777777778 0.03359375 0.05625
1 0.4421875 0.4895833333333333 0.065234375 0.06388888888888888
1 0.430078125 0.2263888888888889 0.071484375 0.041666666666666664
0 0.83046875 0.5472222222222223 0.012890625 0.029861111111111113
0 0.873046875 0.5486111111111112 0.012890625 0.029166666666666667
0 0.830859375 0.46458333333333335 0.019921875 0.02361111111111111
0 0.828515625 0.44583333333333336 0.018359375 0.010416666666666666
0 0.827734375 0.42083333333333334 0.01640625 0.025694444444444443
0 0.82890625 0.3923611111111111 0.021875 0.02013888888888889
0 0.858984375 0.5020833333333333 0.012890625 0.029166666666666667
0 0.86953125 0.5006944444444444 0.011328125 0.022222222222222223