2 0.701171875 0.8375 0.03203125 0.13055555555555556
2 0.659765625 0.9048611111111111 0.05078125 0.1875
2 0.633984375 0.89375 0.04453125 0.20972222222222223
2 0.35 0.7638888888888888 0.015625 0.06111111111111111
2 0.93359375 0.875 0.025 0.18611111111111112
2 0.910546875 0.8680555555555556 0.02734375 0.17222222222222222
2 0.9515625 0.8701388888888889 0.025 0.19027777777777777
2 0.89765625 0.8645833333333334 0.0421875 0.19583333333333333
3 0.107421875 0.6194444444444445 0.11796875 0.19166666666666668
3 0.25625 0.5770833333333333 0.078125 0.1625
3 0.3828125 0.625 0.053125 0.07777777777777778
3 0.13515625 0.8708333333333333 0.26875 0.25277777777777777
3 0.0234375 0.6423611111111112 0.046875 0.1375
3 0.401953125 0.8 0.05234375 0.10277777777777777
3 0.453125 0.7527777777777778 0.0421875 0.12222222222222222
3 0.326171875 0.6361111111111111 0.03046875 0.041666666666666664
3 0.444140625 0.8194444444444444 0.13828125 0.25555555555555554
3 0.07265625 0.6472222222222223 0.0484375 0.12222222222222222
3 0.23515625 0.7534722222222222 0.0359375 0.04861111111111111
3 0.165234375 0.7472222222222222 0.02109375 0.05
3 0.29140625 0.6180555555555556 0.0390625 0.075
3 0.4546875 0.6298611111111111 0.0328125 0.05416666666666667