2 0.288671875 0.6236111111111111 0.11953125 0.5222222222222223
2 0.555078125 0.6236111111111111 0.04296875 0.22777777777777777
2 0.792578125 0.6229166666666667 0.02421875 0.2013888888888889
2 0.61875 0.6020833333333333 0.0265625 0.14305555555555555
2 0.512890625 0.6256944444444444 0.04765625 0.22083333333333333
2 0.730859375 0.6229166666666667 0.02890625 0.20972222222222223
2 0.95546875 0.6055555555555555 0.03125 0.1527777777777778
2 0.98671875 0.6 0.0171875 0.08055555555555556
2 0.6578125 0.6159722222222223 0.0484375 0.21805555555555556
2 0.923828125 0.6020833333333333 0.02421875 0.15694444444444444
2 0.68515625 0.6090277777777777 0.0234375 0.13472222222222222
2 0.82421875 0.6041666666666666 0.028125 0.13055555555555556
2 0.932421875 0.6388888888888888 0.03203125 0.07777777777777778
3 0.051953125 0.28055555555555556 0.10390625 0.37777777777777777
3 0.453125 0.27708333333333335 0.15625 0.40694444444444444
3 0.90703125 0.4673611111111111 0.1234375 0.2791666666666667
3 0.501953125 0.44305555555555554 0.10859375 0.2972222222222222
3 0.987890625 0.33125 0.02265625 0.1375
3 0.569140625 0.3972222222222222 0.07734375 0.30833333333333335
3 0.724609375 0.41805555555555557 0.55078125 0.6083333333333333
3 0.578515625 0.2833333333333333 0.12265625 0.5666666666666667
3 0.75546875 0.46944444444444444 0.0390625 0.18611111111111112
3 0.3703125 0.3416666666666667 0.1671875 0.5305555555555556
3 0.596484375 0.47638888888888886 0.06484375 0.21388888888888888
3 0.472265625 0.2972222222222222 0.13203125 0.5944444444444444
3 0.44609375 0.2534722222222222 0.15078125 0.4625
3 0.22265625 0.3215277777777778 0.23671875 0.6083333333333333
0 0.98203125 0.5993055555555555 0.034375 0.07916666666666666