2 0.8921875 0.5055555555555555 0.0109375 0.05
2 0.916015625 0.5041666666666667 0.01328125 0.05555555555555555
2 0.905859375 0.5076388888888889 0.01171875 0.05416666666666667
1 0.2484375 0.7805555555555556 0.4953125 0.42777777777777776
1 0.7921875 0.5083333333333333 0.359375 0.2611111111111111
1 0.79921875 0.49583333333333335 0.3375 0.2881944444444444
1 0.4984375 0.6868055555555556 0.9953125 0.6125
1 0.791015625 0.5930555555555556 0.35078125 0.09166666666666666
1 0.12421875 0.7618055555555555 0.021875 0.10416666666666667
1 0.227734375 0.6826388888888889 0.04921875 0.11527777777777778
3 0.619921875 0.25069444444444444 0.08984375 0.20694444444444443
3 0.535546875 0.35625 0.06484375 0.16527777777777777
3 0.02421875 0.39791666666666664 0.0484375 0.3125
3 0.3828125 0.39861111111111114 0.06875 0.30277777777777776
3 0.675 0.44722222222222224 0.08125 0.16666666666666666
3 0.429296875 0.39444444444444443 0.05546875 0.20555555555555555
3 0.058984375 0.4270833333333333 0.08359375 0.3236111111111111
3 0.12890625 0.5979166666666667 0.11875 0.26805555555555555
3 0.481640625 0.35208333333333336 0.05859375 0.15416666666666667
3 0.9484375 0.45694444444444443 0.1015625 0.14722222222222223
3 0.305078125 0.34444444444444444 0.09453125 0.3055555555555556
3 0.020703125 0.65 0.04140625 0.19722222222222222
3 0.468359375 0.3993055555555556 0.06484375 0.09027777777777778
3 0.131640625 0.38055555555555554 0.07265625 0.21944444444444444
3 0.1890625 0.3680555555555556 0.0765625 0.3111111111111111
3 0.778515625 0.3715277777777778 0.04609375 0.04583333333333333
3 0.743359375 0.3715277777777778 0.03203125 0.05138888888888889
3 0.244140625 0.39444444444444443 0.10078125 0.2972222222222222
3 0.300390625 0.5597222222222222 0.08984375 0.14444444444444443
3 0.06875 0.7145833333333333 0.040625 0.09861111111111111
3 0.189453125 0.28958333333333336 0.07578125 0.15416666666666667
3 0.74296875 0.4354166666666667 0.0328125 0.17916666666666667
3 0.08515625 0.4201388888888889 0.075 0.15138888888888888
3 0.778515625 0.44166666666666665 0.04609375 0.18888888888888888
3 0.978515625 0.28958333333333336 0.04140625 0.05694444444444444
3 0.5125 0.4236111111111111 0.034375 0.04722222222222222
3 0.51328125 0.46805555555555556 0.0359375 0.1361111111111111
3 0.468359375 0.44583333333333336 0.06796875 0.18333333333333332
3 0.334765625 0.3590277777777778 0.04921875 0.10138888888888889
3 0.217578125 0.5763888888888888 0.07265625 0.16944444444444445
3 0.924609375 0.28888888888888886 0.10390625 0.16944444444444445
3 0.346484375 0.48125 0.06328125 0.17083333333333334
3 0.819140625 0.49166666666666664 0.05390625 0.12222222222222222
3 0.335546875 0.4201388888888889 0.05078125 0.22361111111111112