2 0.237109375 0.40625 0.16953125 0.7986111111111112
2 0.31875 0.27152777777777776 0.059375 0.2763888888888889
2 0.07578125 0.40625 0.1515625 0.8125
2 0.1359375 0.30972222222222223 0.1078125 0.4027777777777778
3 0.839453125 0.5333333333333333 0.11796875 0.2
3 0.918359375 0.5965277777777778 0.16015625 0.2763888888888889
3 0.70234375 0.42083333333333334 0.10625 0.175
3 0.772265625 0.47708333333333336 0.09453125 0.1763888888888889
3 0.707421875 0.4479166666666667 0.06171875 0.11805555555555555
3 0.582421875 0.3 0.178125 0.6
3 0.794921875 0.16875 0.04140625 0.17916666666666667
3 0.402734375 0.12222222222222222 0.13984375 0.24444444444444444
3 0.28359375 0.12152777777777778 0.378125 0.24305555555555555