3 0.61328125 0.43819444444444444 0.3 0.8763888888888889
3 0.590625 0.4895833333333333 0.1453125 0.7486111111111111
2 0.978125 0.6416666666666667 0.0328125 0.13333333333333333
2 0.4234375 0.5965277777777778 0.034375 0.1486111111111111
2 0.360546875 0.5791666666666667 0.03828125 0.08055555555555556
2 0.6703125 0.6076388888888888 0.01875 0.10694444444444444
2 0.405859375 0.56875 0.02890625 0.09583333333333334
3 0.42109375 0.425 0.0515625 0.19722222222222222
3 0.09375 0.37430555555555556 0.06875 0.20694444444444443
3 0.041015625 0.35625 0.06328125 0.2013888888888889
3 0.332421875 0.44722222222222224 0.06015625 0.20555555555555555
3 0.4953125 0.40347222222222223 0.0671875 0.8069444444444445
3 0.225 0.39166666666666666 0.0515625 0.20277777777777778
3 0.147265625 0.3736111111111111 0.06171875 0.18333333333333332
3 0.3828125 0.45208333333333334 0.046875 0.17916666666666667
3 0.190234375 0.39791666666666664 0.04765625 0.1375
3 0.460546875 0.45555555555555555 0.03984375 0.21944444444444444
3 0.279296875 0.4111111111111111 0.08984375 0.30277777777777776
3 0.892578125 0.8090277777777778 0.21328125 0.3763888888888889
3 0.448046875 0.45069444444444445 0.02734375 0.1597222222222222
3 0.16484375 0.475 0.040625 0.2361111111111111
3 0.19140625 0.45694444444444443 0.059375 0.25555555555555554
3 0.536328125 0.40902777777777777 0.04765625 0.19583333333333333
3 0.357421875 0.4513888888888889 0.02890625 0.1361111111111111
3 0.6 0.23333333333333334 0.1265625 0.225
3 0.01328125 0.35555555555555557 0.0265625 0.1111111111111111