3 0.841796875 0.4666666666666667 0.28984375 0.46944444444444444
2 0.9625 0.7590277777777777 0.0734375 0.47638888888888886
2 0.77734375 0.6861111111111111 0.075 0.3472222222222222
2 0.676171875 0.66875 0.04765625 0.28194444444444444
2 0.72421875 0.6895833333333333 0.05625 0.2986111111111111
2 0.634765625 0.6298611111111111 0.02890625 0.16805555555555557
3 0.42421875 0.6541666666666667 0.340625 0.11388888888888889
3 0.130859375 0.75 0.26015625 0.3055555555555556
3 0.1265625 0.41388888888888886 0.253125 0.49444444444444446
3 0.434765625 0.46944444444444444 0.17578125 0.24722222222222223
3 0.269921875 0.44305555555555554 0.10078125 0.21666666666666667
3 0.47109375 0.17083333333333334 0.059375 0.14444444444444443
3 0.890625 0.6451388888888889 0.09375 0.14305555555555555