3 0.471484375 0.5666666666666667 0.07890625 0.21944444444444444
3 0.51875 0.43333333333333335 0.55 0.8666666666666667
2 0.1953125 0.6840277777777778 0.0375 0.16527777777777777
2 0.82109375 0.7958333333333333 0.0546875 0.2611111111111111
2 0.3953125 0.7048611111111112 0.0265625 0.19027777777777777
2 0.4734375 0.6548611111111111 0.0109375 0.043055555555555555
2 0.28515625 0.6923611111111111 0.0359375 0.1736111111111111
2 0.764453125 0.7916666666666666 0.05390625 0.24722222222222223
2 0.24375 0.64375 0.015625 0.0763888888888889
2 0.01328125 0.6284722222222222 0.0140625 0.0763888888888889
2 0.36953125 0.6479166666666667 0.0109375 0.0375
3 0.45703125 0.65 0.025 0.05
3 0.090625 0.825 0.18125 0.34444444444444444
3 0.062109375 0.9006944444444445 0.12421875 0.19305555555555556
3 0.1125 0.18611111111111112 0.225 0.37222222222222223
3 0.59296875 0.6875 0.09375 0.16666666666666666
3 0.8421875 0.4986111111111111 0.3140625 0.9972222222222222
3 0.21796875 0.55 0.0859375 0.1527777777777778
3 0.335546875 0.4326388888888889 0.20078125 0.4097222222222222
3 0.265625 0.3527777777777778 0.34375 0.6222222222222222
3 0.759375 0.4388888888888889 0.140625 0.16944444444444445
3 0.139453125 0.5125 0.08828125 0.3
3 0.423828125 0.6381944444444444 0.02578125 0.0625
3 0.082421875 0.5777777777777777 0.11953125 0.3333333333333333