2 0.525390625 0.5 0.008203125 0.03125
2 0.67578125 0.2604166666666667 0.005859375 0.025694444444444443
2 0.66171875 0.27361111111111114 0.005859375 0.025
2 0.257421875 0.4722222222222222 0.007421875 0.029861111111111113
2 0.780859375 0.06041666666666667 0.005859375 0.027083333333333334
2 0.330078125 0.5284722222222222 0.006640625 0.02847222222222222
2 0.323828125 0.37430555555555556 0.007421875 0.027083333333333334
2 0.50390625 0.56875 0.0078125 0.02013888888888889
2 0.353515625 0.5381944444444444 0.013671875 0.03333333333333333
2 0.61640625 0.31180555555555556 0.006640625 0.027083333333333334
2 0.735546875 0.07083333333333333 0.00625 0.025
3 0.7234375 0.14930555555555555 0.094921875 0.1527777777777778
3 0.594140625 0.4166666666666667 0.038671875 0.08680555555555555
3 0.658984375 0.15138888888888888 0.046484375 0.1361111111111111
3 0.622265625 0.5354166666666667 0.026953125 0.05486111111111111
3 0.487109375 0.7861111111111111 0.029296875 0.0798611111111111
3 0.378515625 0.9201388888888888 0.059765625 0.15625
3 0.583203125 0.6125 0.040234375 0.06597222222222222
3 0.53203125 0.6930555555555555 0.031640625 0.06388888888888888
3 0.432421875 0.8909722222222223 0.107421875 0.21388888888888888
3 0.469140625 0.8201388888888889 0.0328125 0.07569444444444444
3 0.371875 0.7409722222222223 0.054296875 0.11041666666666666
3 0.294140625 0.7618055555555555 0.020703125 0.04791666666666667
3 0.433984375 0.7083333333333334 0.0203125 0.05347222222222222
3 0.423828125 0.5694444444444444 0.011328125 0.029861111111111113
3 0.285546875 0.9590277777777778 0.03125 0.06180555555555556
3 0.67890625 0.42569444444444443 0.0265625 0.058333333333333334
3 0.5609375 0.01597222222222222 0.020703125 0.03125
3 0.720703125 0.027777777777777776 0.019140625 0.05347222222222222
3 0.546875 0.36041666666666666 0.04375 0.06736111111111111
3 0.738671875 0.035416666666666666 0.030859375 0.044444444444444446
3 0.538671875 0.5215277777777778 0.017578125 0.049305555555555554
3 0.426953125 0.8576388888888888 0.041796875 0.1388888888888889
3 0.476171875 0.6409722222222223 0.019921875 0.041666666666666664
3 0.622265625 0.034722222222222224 0.0265625 0.03819444444444445
3 0.681640625 0.022916666666666665 0.03125 0.04513888888888889
3 0.368359375 0.8104166666666667 0.0265625 0.05277777777777778
3 0.471875 0.6506944444444445 0.028125 0.06041666666666667