2 0.35 0.47291666666666665 0.071875 0.45694444444444443
2 0.43828125 0.47291666666666665 0.09375 0.44583333333333336
2 0.252734375 0.4638888888888889 0.05078125 0.30833333333333335
2 0.29609375 0.4666666666666667 0.0578125 0.3277777777777778
3 0.92734375 0.7041666666666667 0.140625 0.23333333333333334
3 0.802734375 0.6083333333333333 0.06015625 0.175
3 0.85 0.6576388888888889 0.071875 0.17916666666666667
1 0.476171875 0.5125 0.01171875 0.04722222222222222
3 0.64453125 0.35208333333333336 0.196875 0.7041666666666667
3 0.11953125 0.2659722222222222 0.2390625 0.5319444444444444
3 0.199609375 0.26458333333333334 0.0984375 0.5291666666666667
3 0.3921875 0.21041666666666667 0.3703125 0.42083333333333334
3 0.50703125 0.21180555555555555 0.1375 0.4236111111111111
3 0.290625 0.3763888888888889 0.58125 0.7340277777777777