2 0.63515625 0.7076388888888889 0.0109375 0.0375
2 0.296484375 0.7048611111111112 0.01171875 0.034722222222222224
2 0.687890625 0.7076388888888889 0.01484375 0.043055555555555555
2 0.758984375 0.7527777777777778 0.01484375 0.05
1 0.43203125 0.7513888888888889 0.8625 0.4888888888888889
1 0.433203125 0.9069444444444444 0.86484375 0.18055555555555555
1 0.198046875 0.7902777777777777 0.03828125 0.11666666666666667
3 0.806640625 0.4986111111111111 0.38515625 0.9944444444444445
3 0.314453125 0.5805555555555556 0.03515625 0.09444444444444444
3 0.38828125 0.5958333333333333 0.0296875 0.05555555555555555
3 0.55546875 0.7166666666666667 0.1375 0.2777777777777778
3 0.09453125 0.5423611111111111 0.1890625 0.4125
3 0.55 0.5479166666666667 0.234375 0.3486111111111111
3 0.355078125 0.5979166666666667 0.02421875 0.043055555555555555
3 0.2328125 0.6868055555555556 0.071875 0.1625
3 0.336328125 0.6090277777777777 0.01640625 0.02638888888888889
3 0.412109375 0.6076388888888888 0.03046875 0.03194444444444444
3 0.2953125 0.59375 0.0125 0.05138888888888889