3 0.483984375 0.5847222222222223 0.03828125 0.1
2 0.78203125 0.7909722222222222 0.1125 0.3263888888888889
2 0.933203125 0.5923611111111111 0.01484375 0.0625
2 0.315234375 0.6076388888888888 0.01484375 0.0375
2 0.81328125 0.7590277777777777 0.046875 0.32083333333333336
3 0.671875 0.4444444444444444 0.078125 0.25277777777777777
3 0.245703125 0.4388888888888889 0.13046875 0.2972222222222222
3 0.136328125 0.4979166666666667 0.13984375 0.28194444444444444
3 0.177734375 0.30486111111111114 0.07734375 0.18472222222222223
3 0.32734375 0.4444444444444444 0.053125 0.1527777777777778
3 0.85 0.4826388888888889 0.1125 0.1875
3 0.40625 0.5298611111111111 0.0796875 0.20416666666666666
3 0.77109375 0.5097222222222222 0.05625 0.11666666666666667
3 0.725 0.6930555555555555 0.0765625 0.18055555555555555
3 0.93359375 0.53125 0.028125 0.0625
3 0.608203125 0.4777777777777778 0.01640625 0.06388888888888888
3 0.381640625 0.6881944444444444 0.09140625 0.14583333333333334
3 0.2171875 0.6652777777777777 0.0546875 0.11388888888888889
3 0.9359375 0.5583333333333333 0.0359375 0.11666666666666667
3 0.44375 0.6888888888888889 0.034375 0.11666666666666667
3 0.646875 0.6986111111111111 0.0796875 0.19722222222222222
3 0.299609375 0.675 0.06640625 0.13055555555555556
3 0.585546875 0.8909722222222223 0.08203125 0.20972222222222223
3 0.430078125 0.5222222222222223 0.03359375 0.08333333333333333
3 0.762890625 0.5993055555555555 0.04140625 0.07916666666666666
3 0.977734375 0.4097222222222222 0.04296875 0.19166666666666668
0 0.717578125 0.5833333333333334 0.07890625 0.05555555555555555
0 0.146875 0.58125 0.065625 0.04583333333333333
0 0.523828125 0.5805555555555556 0.05390625 0.04722222222222222