2 0.810546875 0.5652777777777778 0.04609375 0.17777777777777778
2 0.965625 0.725 0.0671875 0.5305555555555556
2 0.8640625 0.6131944444444445 0.0375 0.09583333333333334
2 0.598046875 0.5395833333333333 0.02578125 0.12361111111111112
2 0.701953125 0.5909722222222222 0.06015625 0.25972222222222224
2 0.641015625 0.5270833333333333 0.01953125 0.1125
2 0.66640625 0.5381944444444444 0.03125 0.14305555555555555
3 0.71328125 0.4305555555555556 0.1015625 0.15
3 0.93984375 0.4388888888888889 0.1171875 0.29444444444444445
3 0.612890625 0.40069444444444446 0.06640625 0.17083333333333334
3 0.548046875 0.4166666666666667 0.10234375 0.18888888888888888
3 0.159375 0.5763888888888888 0.3171875 0.8361111111111111
3 0.046484375 0.3125 0.09296875 0.3416666666666667
3 0.805078125 0.14722222222222223 0.08671875 0.11944444444444445
3 0.362890625 0.4166666666666667 0.13359375 0.1638888888888889
3 0.487109375 0.7326388888888888 0.14140625 0.2625