2 0.580078125 0.5486111111111112 0.0390625 0.18055555555555555
2 0.039453125 0.46875 0.023046875 0.11319444444444444
2 0.427734375 0.51875 0.027734375 0.1326388888888889
2 0.250390625 0.4076388888888889 0.0171875 0.06319444444444444
2 0.39453125 0.5597222222222222 0.037890625 0.1673611111111111
2 0.525390625 0.47430555555555554 0.018359375 0.09930555555555555
2 0.509765625 0.4895833333333333 0.023046875 0.11041666666666666
3 0.300390625 0.5722222222222222 0.074609375 0.3368055555555556
3 0.62734375 0.35833333333333334 0.180859375 0.46111111111111114
3 0.813671875 0.6347222222222222 0.111328125 0.14930555555555555
3 0.103515625 0.2881944444444444 0.2046875 0.20833333333333334
3 0.5328125 0.2743055555555556 0.098046875 0.2388888888888889
3 0.051953125 0.8451388888888889 0.103515625 0.30486111111111114
3 0.681640625 0.4722222222222222 0.0828125 0.20208333333333334
3 0.880078125 0.45069444444444445 0.115625 0.1909722222222222
3 0.82421875 0.45208333333333334 0.2328125 0.20833333333333334
3 0.448828125 0.32708333333333334 0.078515625 0.19722222222222222
3 0.419140625 0.40694444444444444 0.072265625 0.08958333333333333
3 0.3390625 0.28541666666666665 0.191796875 0.2111111111111111