1 0.804296875 0.6715277777777777 0.38828125 0.6375
3 0.884375 0.3055555555555556 0.2296875 0.6111111111111112
2 0.74921875 0.6354166666666666 0.028125 0.12083333333333333
2 0.066015625 0.8472222222222222 0.08984375 0.30277777777777776
2 0.7765625 0.6395833333333333 0.0296875 0.11527777777777778
2 0.011328125 0.76875 0.02265625 0.19583333333333333
1 0.80546875 0.8354166666666667 0.3875 0.30416666666666664
3 0.723046875 0.32430555555555557 0.07734375 0.24583333333333332
3 0.60625 0.39861111111111114 0.0921875 0.48333333333333334
3 0.451171875 0.39791666666666664 0.12890625 0.5291666666666667
3 0.662890625 0.325 0.09296875 0.25555555555555554
3 0.77109375 0.35347222222222224 0.06875 0.2263888888888889
3 0.534375 0.6215277777777778 0.040625 0.09305555555555556
3 0.4515625 0.22291666666666668 0.128125 0.17916666666666667
3 0.6609375 0.4083333333333333 0.0546875 0.07777777777777778
3 0.6421875 0.5576388888888889 0.09375 0.20694444444444443
3 0.746875 0.5125 0.13125 0.20555555555555555
3 0.257421875 0.4638888888888889 0.14453125 0.46944444444444444
3 0.15859375 0.6909722222222222 0.0859375 0.12916666666666668
3 0.838671875 0.44375 0.09609375 0.18194444444444444
0 0.83359375 0.5951388888888889 0.0421875 0.020833333333333332