2 0.76484375 0.5409722222222222 0.0140625 0.043055555555555555
2 0.145703125 0.6034722222222222 0.01484375 0.06527777777777778
2 0.0703125 0.6020833333333333 0.025 0.07361111111111111
2 0.234765625 0.5986111111111111 0.02734375 0.10555555555555556
2 0.264453125 0.5694444444444444 0.01328125 0.06944444444444445
2 0.25390625 0.5673611111111111 0.0140625 0.07083333333333333
2 0.81171875 0.5381944444444444 0.0125 0.05416666666666667
2 0.352734375 0.5423611111111111 0.00546875 0.02638888888888889
2 0.05 0.6027777777777777 0.0203125 0.07222222222222222
3 0.576171875 0.3715277777777778 0.28203125 0.7430555555555556
3 0.030859375 0.4131944444444444 0.06171875 0.2847222222222222
3 0.179296875 0.4027777777777778 0.07109375 0.2777777777777778
3 0.273828125 0.4125 0.06171875 0.25277777777777777
3 0.408203125 0.4097222222222222 0.07578125 0.25277777777777777
3 0.89140625 0.12638888888888888 0.203125 0.25277777777777777
3 0.79921875 0.3034722222222222 0.10625 0.4652777777777778
3 0.230859375 0.44305555555555554 0.06484375 0.20277777777777778
3 0.335546875 0.41180555555555554 0.07265625 0.25416666666666665
3 0.183984375 0.43819444444444444 0.05078125 0.14583333333333334
3 0.37421875 0.4534722222222222 0.0484375 0.15694444444444444
3 0.116015625 0.40902777777777777 0.07890625 0.27361111111111114
3 0.967578125 0.2125 0.06328125 0.24722222222222223
3 0.451171875 0.45694444444444443 0.08359375 0.16944444444444445
3 0.047265625 0.4375 0.03515625 0.12222222222222222
3 0.7921875 0.4638888888888889 0.0578125 0.14722222222222223
3 0.075 0.4388888888888889 0.0875 0.12777777777777777
3 0.1359375 0.4597222222222222 0.05 0.15833333333333333