2 0.13671875 0.6708333333333333 0.115625 0.5472222222222223
2 0.471875 0.5909722222222222 0.1 0.37083333333333335
2 0.289453125 0.6236111111111111 0.10234375 0.5083333333333333
2 0.254296875 0.6159722222222223 0.08984375 0.49027777777777776
2 0.359765625 0.5465277777777777 0.05078125 0.23194444444444445
2 0.426171875 0.47638888888888886 0.03359375 0.11388888888888889
3 0.8734375 0.5451388888888888 0.13984375 0.5347222222222222
3 0.114453125 0.2375 0.22734375 0.475
3 0.676171875 0.40347222222222223 0.24296875 0.8069444444444445
3 0.396875 0.25069444444444444 0.3984375 0.5013888888888889
3 0.53671875 0.2881944444444444 0.1578125 0.45416666666666666
0 0.139453125 0.5541666666666667 0.16796875 0.25833333333333336
3 0.40078125 0.40694444444444444 0.8015625 0.8138888888888889