2 0.73984375 0.675 0.034375 0.1
2 0.453125 0.6868055555555556 0.0234375 0.09861111111111111
2 0.427734375 0.6916666666666667 0.02734375 0.07777777777777778
1 0.572265625 0.95 0.05390625 0.09444444444444444
3 0.669140625 0.55625 0.16171875 0.3125
3 0.899609375 0.2972222222222222 0.19765625 0.5944444444444444
3 0.855859375 0.5256944444444445 0.11953125 0.29583333333333334
3 0.597265625 0.28194444444444444 0.15703125 0.23055555555555557
3 0.706640625 0.28125 0.08359375 0.20416666666666666
3 0.413671875 0.5041666666666667 0.17734375 0.37222222222222223
3 0.75859375 0.5784722222222223 0.0578125 0.13472222222222222
3 0.597265625 0.40694444444444444 0.16015625 0.48055555555555557
3 0.227734375 0.5069444444444444 0.12421875 0.35