2 0.579296875 0.6284722222222222 0.25390625 0.7402777777777778
2 0.740625 0.4895833333333333 0.0265625 0.0763888888888889
2 0.725 0.47847222222222224 0.0265625 0.0763888888888889
1 0.8375 0.5555555555555556 0.028125 0.20555555555555555
1 0.747265625 0.6145833333333334 0.03046875 0.17083333333333334
1 0.77265625 0.5888888888888889 0.2640625 0.28055555555555556
1 0.655078125 0.6451388888888889 0.02109375 0.14305555555555555
1 0.8953125 0.5493055555555556 0.0203125 0.18472222222222223
3 0.562109375 0.27708333333333335 0.11015625 0.2847222222222222
3 0.854296875 0.3451388888888889 0.11171875 0.24583333333333332
3 0.855859375 0.7201388888888889 0.09140625 0.18194444444444444
3 0.853125 0.5180555555555556 0.1140625 0.5916666666666667
3 0.74453125 0.7895833333333333 0.146875 0.20694444444444443