2 0.46640625 0.4236111111111111 0.0421875 0.25555555555555554
2 0.517578125 0.42430555555555555 0.03828125 0.2513888888888889
2 0.902734375 0.34652777777777777 0.04609375 0.22361111111111112
2 0.6515625 0.4354166666666667 0.0515625 0.2847222222222222
2 0.375 0.4423611111111111 0.0390625 0.10138888888888889
2 0.76015625 0.3923611111111111 0.04375 0.2013888888888889
2 0.078125 0.44513888888888886 0.01875 0.0763888888888889
2 0.8328125 0.3229166666666667 0.015625 0.043055555555555555
3 0.268359375 0.4263888888888889 0.20546875 0.425
3 0.954296875 0.36875 0.05703125 0.2708333333333333
3 0.496875 0.18194444444444444 0.053125 0.08055555555555556
3 0.422265625 0.38819444444444445 0.05234375 0.09583333333333334
3 0.46796875 0.18958333333333333 0.115625 0.09583333333333334
3 0.416015625 0.3597222222222222 0.06171875 0.4027777777777778
3 0.42265625 0.44930555555555557 0.053125 0.22083333333333333