2 0.130078125 0.33541666666666664 0.09921875 0.1625
2 0.0265625 0.3590277777777778 0.053125 0.15694444444444444
2 0.3421875 0.2972222222222222 0.0328125 0.15555555555555556
2 0.0375 0.21736111111111112 0.03125 0.09861111111111111
2 0.59453125 0.26805555555555555 0.0359375 0.10555555555555556
2 0.585546875 0.6652777777777777 0.36171875 0.6611111111111111
2 0.87734375 0.1986111111111111 0.028125 0.08055555555555556
2 0.648046875 0.22291666666666668 0.02890625 0.08472222222222223
2 0.50390625 0.23333333333333334 0.021875 0.1111111111111111
2 0.45859375 0.225 0.0359375 0.09166666666666666
2 0.150390625 0.1986111111111111 0.03203125 0.11666666666666667
2 0.2734375 0.21597222222222223 0.0234375 0.0763888888888889
2 0.438671875 0.6479166666666667 0.32890625 0.6986111111111111
2 0.25546875 0.2013888888888889 0.021875 0.10277777777777777
2 0.8375 0.25277777777777777 0.0265625 0.06666666666666667
1 0.685546875 0.21041666666666667 0.05078125 0.20416666666666666
3 0.340625 0.13194444444444445 0.2890625 0.2638888888888889
3 0.53515625 0.1486111111111111 0.1265625 0.29444444444444445
3 0.7953125 0.13402777777777777 0.2578125 0.2652777777777778
3 0.865234375 0.13541666666666666 0.11640625 0.22083333333333333
3 0.03515625 0.059027777777777776 0.0703125 0.11805555555555555
3 0.744140625 0.06736111111111111 0.15546875 0.13194444444444445
3 0.97734375 0.15486111111111112 0.04375 0.12916666666666668