2 0.116015625 0.5520833333333334 0.02265625 0.07361111111111111
2 0.337890625 0.45416666666666666 0.00859375 0.044444444444444446
2 0.25234375 0.5625 0.01875 0.08611111111111111
2 0.2640625 0.45625 0.0109375 0.043055555555555555
2 0.740234375 0.6 0.01640625 0.09722222222222222
2 0.421875 0.6416666666666667 0.0171875 0.08333333333333333
2 0.4421875 0.6375 0.0171875 0.08611111111111111
2 0.460546875 0.6409722222222223 0.01953125 0.0875
2 0.436328125 0.49375 0.01015625 0.059722222222222225
2 0.461328125 0.49444444444444446 0.01015625 0.05277777777777778
2 0.448046875 0.4930555555555556 0.01015625 0.058333333333333334
1 0.384375 0.3861111111111111 0.05625 0.175
3 0.5140625 0.46597222222222223 0.0328125 0.16527777777777777
3 0.61796875 0.8180555555555555 0.14375 0.35833333333333334
3 0.816796875 0.7145833333333333 0.06640625 0.1597222222222222
3 0.480859375 0.32013888888888886 0.07109375 0.14305555555555555
3 0.968359375 0.3215277777777778 0.06015625 0.13194444444444445
3 0.395703125 0.35555555555555557 0.24140625 0.24166666666666667
3 0.865625 0.7666666666666667 0.0640625 0.09166666666666666