2 0.566796875 0.9645833333333333 0.02890625 0.06805555555555555
2 0.521484375 0.9708333333333333 0.02265625 0.05555555555555555
2 0.51875 0.6819444444444445 0.0140625 0.06388888888888888
2 0.66953125 0.9708333333333333 0.0234375 0.05555555555555555
2 0.62734375 0.6736111111111112 0.015625 0.06666666666666667
2 0.4875 0.63125 0.0125 0.06805555555555555
2 0.564453125 0.7729166666666667 0.01640625 0.08194444444444444
2 0.441015625 0.6868055555555556 0.01328125 0.0625
2 0.45859375 0.6875 0.0140625 0.07222222222222222
2 0.535546875 0.9791666666666666 0.01328125 0.03888888888888889
2 0.60234375 0.6888888888888889 0.015625 0.07222222222222222
2 0.53671875 0.7784722222222222 0.0171875 0.06805555555555555
2 0.55078125 0.7743055555555556 0.015625 0.0763888888888889
2 0.615234375 0.6986111111111111 0.01328125 0.06111111111111111
1 0.1796875 0.7201388888888889 0.3578125 0.5541666666666667
1 0.739453125 0.5368055555555555 0.08203125 0.32916666666666666
3 0.5875 0.4736111111111111 0.24375 0.49722222222222223
3 0.355859375 0.6409722222222223 0.08515625 0.2875
3 0.335546875 0.7472222222222222 0.12578125 0.5
3 0.244140625 0.4326388888888889 0.43671875 0.2847222222222222
3 0.401953125 0.46944444444444444 0.02734375 0.10555555555555556
3 0.419140625 0.625 0.01953125 0.07777777777777778
3 0.437890625 0.8951388888888889 0.04453125 0.20694444444444443