2 0.459765625 0.6125 0.01171875 0.03611111111111111
2 0.08203125 0.6097222222222223 0.0109375 0.05
2 0.711328125 0.6055555555555555 0.00859375 0.05277777777777778
2 0.5078125 0.6152777777777778 0.009375 0.03333333333333333
1 0.6734375 0.8020833333333334 0.65 0.3902777777777778
1 0.75546875 0.8722222222222222 0.0640625 0.24722222222222223
3 0.580859375 0.44583333333333336 0.26328125 0.5027777777777778
3 0.35 0.45625 0.153125 0.4097222222222222
3 0.165234375 0.33541666666666664 0.33046875 0.6708333333333333
3 0.95546875 0.5631944444444444 0.084375 0.13472222222222222
3 0.701171875 0.4513888888888889 0.09609375 0.3638888888888889
3 0.40859375 0.44166666666666665 0.1265625 0.4
3 0.830078125 0.4465277777777778 0.12265625 0.3680555555555556
3 0.033984375 0.5694444444444444 0.06796875 0.1361111111111111
3 0.759765625 0.46319444444444446 0.10078125 0.3541666666666667