3 0.08671875 0.6444444444444445 0.05234375 0.11805555555555555
2 0.846484375 0.85 0.08203125 0.2972222222222222
2 0.811328125 0.8236111111111111 0.04296875 0.2972222222222222
2 0.486328125 0.6694444444444444 0.02734375 0.05
3 0.3171875 0.5048611111111111 0.0796875 0.25972222222222224
3 0.590234375 0.4979166666666667 0.06796875 0.15416666666666667
3 0.470703125 0.55 0.09296875 0.16111111111111112
3 0.401953125 0.5736111111111111 0.04765625 0.10833333333333334
3 0.176171875 0.8138888888888889 0.12265625 0.36666666666666664
3 0.716796875 0.5319444444444444 0.05546875 0.07777777777777778
3 0.0671875 0.7854166666666667 0.0546875 0.1486111111111111
3 0.744921875 0.7041666666666667 0.05546875 0.10277777777777777
3 0.3421875 0.7520833333333333 0.0703125 0.1736111111111111
3 0.25390625 0.7694444444444445 0.1015625 0.21388888888888888
3 0.023046875 0.7652777777777777 0.04609375 0.14166666666666666
3 0.795703125 0.6527777777777778 0.04140625 0.11944444444444445
3 0.626953125 0.5333333333333333 0.03671875 0.06944444444444445
3 0.1125 0.7715277777777778 0.059375 0.1736111111111111
3 0.444140625 0.5743055555555555 0.03984375 0.10416666666666667
3 0.023828125 0.5715277777777777 0.04765625 0.2125
3 0.777734375 0.7736111111111111 0.05546875 0.15833333333333333
3 0.251171875 0.5284722222222222 0.01796875 0.06805555555555555
3 0.794921875 0.5270833333333333 0.03984375 0.07361111111111111
3 0.794140625 0.4930555555555556 0.04453125 0.1388888888888889
0 0.364453125 0.6423611111111112 0.10234375 0.05694444444444444
3 0.3109375 0.7520833333333333 0.6171875 0.2513888888888889