3 0.484375 0.5833333333333334 0.5328125 0.8222222222222222
2 0.87890625 0.8479166666666667 0.0421875 0.1986111111111111
2 0.84765625 0.8125 0.0328125 0.12222222222222222
2 0.934765625 0.8263888888888888 0.02109375 0.125
2 0.978515625 0.8305555555555556 0.02734375 0.13055555555555556
2 0.959375 0.8277777777777777 0.028125 0.12777777777777777
2 0.609765625 0.8145833333333333 0.02890625 0.10694444444444444
2 0.317578125 0.8055555555555556 0.01015625 0.027777777777777776
2 0.4046875 0.8159722222222222 0.021875 0.07916666666666666
3 0.346484375 0.8743055555555556 0.09296875 0.14444444444444443
3 0.939453125 0.21041666666666667 0.11953125 0.42083333333333334
3 0.1578125 0.8659722222222223 0.06875 0.16805555555555557
3 0.044921875 0.8243055555555555 0.05234375 0.07361111111111111
3 0.255859375 0.8666666666666667 0.06796875 0.175
3 0.85546875 0.6409722222222223 0.1109375 0.2847222222222222
3 0.20703125 0.84375 0.028125 0.04583333333333333
3 0.458984375 0.16180555555555556 0.31484375 0.3236111111111111