2 0.105859375 0.6541666666666667 0.11484375 0.6888888888888889
2 0.22421875 0.6319444444444444 0.0921875 0.49722222222222223
2 0.31875 0.6215277777777778 0.0796875 0.44305555555555554
2 0.428125 0.6340277777777777 0.084375 0.4263888888888889
2 0.54921875 0.6020833333333333 0.0359375 0.2152777777777778
2 0.611328125 0.5527777777777778 0.02421875 0.07222222222222222
2 0.372265625 0.6354166666666666 0.05546875 0.3958333333333333
2 0.689453125 0.6041666666666666 0.02578125 0.13055555555555556
2 0.75546875 0.6347222222222222 0.065625 0.1638888888888889
2 0.51328125 0.6 0.0484375 0.2222222222222222
2 0.949609375 0.6618055555555555 0.09921875 0.6736111111111112
2 0.73359375 0.6368055555555555 0.0546875 0.15416666666666667
2 0.478515625 0.6361111111111111 0.05234375 0.38333333333333336
2 0.27109375 0.5354166666666667 0.01875 0.1125
3 0.033203125 0.49166666666666664 0.06640625 0.13055555555555556
3 0.155078125 0.26805555555555555 0.06328125 0.06388888888888888
3 0.09453125 0.25555555555555554 0.1875 0.08888888888888889
3 0.02109375 0.24375 0.0421875 0.0625
3 0.547265625 0.5256944444444445 0.07890625 0.09305555555555556