3 0.542578125 0.3034722222222222 0.18203125 0.6069444444444444
2 0.21796875 0.6590277777777778 0.184375 0.6791666666666667
2 0.0796875 0.6569444444444444 0.159375 0.6833333333333333
2 0.349609375 0.5111111111111111 0.03046875 0.16111111111111112
2 0.66015625 0.5368055555555555 0.0421875 0.11805555555555555
2 0.298828125 0.5041666666666667 0.02265625 0.1
2 0.65859375 0.5083333333333333 0.0375 0.06111111111111111
3 0.341796875 0.26458333333333334 0.18515625 0.5291666666666667
3 0.8625 0.47152777777777777 0.271875 0.9430555555555555
3 0.128515625 0.24305555555555555 0.25703125 0.4861111111111111
3 0.67421875 0.27847222222222223 0.1609375 0.5569444444444445
3 0.25703125 0.3229166666666667 0.1109375 0.44583333333333336
3 0.45078125 0.3388888888888889 0.1359375 0.29444444444444445
3 0.73828125 0.7875 0.275 0.41944444444444445
3 0.95234375 0.5527777777777778 0.09375 0.8833333333333333
3 0.55703125 0.5104166666666666 0.0265625 0.18194444444444444