2 0.9765625 0.7701388888888889 0.0453125 0.2152777777777778
2 0.05390625 0.7472222222222222 0.046875 0.2222222222222222
2 0.448828125 0.7159722222222222 0.03046875 0.1486111111111111
2 0.101953125 0.81875 0.07109375 0.29583333333333334
2 0.1875 0.8020833333333334 0.0734375 0.25972222222222224
2 0.2984375 0.7118055555555556 0.028125 0.15138888888888888
2 0.35859375 0.6770833333333334 0.0125 0.07916666666666666
2 0.1515625 0.8131944444444444 0.065625 0.2791666666666667
2 0.215625 0.6868055555555556 0.01875 0.09583333333333334
2 0.27421875 0.7069444444444445 0.0234375 0.125
3 0.1125 0.3645833333333333 0.225 0.7291666666666666
3 0.823828125 0.3638888888888889 0.14140625 0.7277777777777777
3 0.7453125 0.6715277777777777 0.0875 0.10416666666666667
3 0.422265625 0.6208333333333333 0.05546875 0.075
3 0.830078125 0.6611111111111111 0.06796875 0.125
3 0.5578125 0.6479166666666667 0.0625 0.15138888888888888
3 0.5578125 0.5986111111111111 0.0609375 0.05277777777777778
3 0.471484375 0.5909722222222222 0.06171875 0.06527777777777778