2 0.039453125 0.8423611111111111 0.03515625 0.08194444444444444
2 0.57890625 0.6881944444444444 0.01875 0.05416666666666667
2 0.434765625 0.8131944444444444 0.03203125 0.14027777777777778
2 0.462890625 0.8131944444444444 0.04140625 0.1375
2 0.569140625 0.6888888888888889 0.01328125 0.05277777777777778
3 0.27734375 0.8097222222222222 0.0640625 0.1388888888888889
3 0.7515625 0.4125 0.1515625 0.5166666666666667
3 0.23203125 0.5472222222222223 0.1390625 0.425
3 0.100390625 0.5375 0.14765625 0.4888888888888889
3 0.65703125 0.4326388888888889 0.0953125 0.49583333333333335
3 0.5875 0.4597222222222222 0.096875 0.4666666666666667
3 0.842578125 0.5784722222222223 0.06484375 0.20694444444444443
3 0.391796875 0.50625 0.10390625 0.4236111111111111
3 0.44453125 0.5270833333333333 0.109375 0.3541666666666667
3 0.498046875 0.4875 0.07109375 0.4111111111111111
3 0.912890625 0.5791666666666667 0.04921875 0.1361111111111111
3 0.54921875 0.4847222222222222 0.0765625 0.40555555555555556
3 0.055078125 0.3763888888888889 0.11015625 0.6416666666666667
3 0.30234375 0.4979166666666667 0.1046875 0.47638888888888886
3 0.28359375 0.71875 0.0234375 0.05694444444444444
3 0.34609375 0.7076388888888889 0.0203125 0.059722222222222225
3 0.3140625 0.7125 0.0234375 0.05555555555555555
3 0.363671875 0.5930555555555556 0.07734375 0.2
3 0.2 0.7340277777777777 0.025 0.0625
3 0.168359375 0.7430555555555556 0.03828125 0.075
3 0.0546875 0.2076388888888889 0.109375 0.3013888888888889
3 0.178125 0.5402777777777777 0.0640625 0.2638888888888889
3 0.456640625 0.6819444444444445 0.01953125 0.05
3 0.071484375 0.6243055555555556 0.01953125 0.06805555555555555
3 0.13515625 0.7493055555555556 0.028125 0.07083333333333333
3 0.482421875 0.6777777777777778 0.01796875 0.05
3 0.388671875 0.7118055555555556 0.02265625 0.04027777777777778
3 0.431640625 0.6861111111111111 0.01953125 0.044444444444444446
3 0.31953125 0.5833333333333334 0.06875 0.24444444444444444