2 0.96484375 0.5513888888888889 0.03125 0.13333333333333333
2 0.605078125 0.5055555555555555 0.02421875 0.08333333333333333
2 0.4453125 0.5020833333333333 0.0203125 0.08194444444444444
2 0.428515625 0.49583333333333335 0.02578125 0.08333333333333333
3 0.899609375 0.4 0.10390625 0.20833333333333334
3 0.807421875 0.42291666666666666 0.13671875 0.24305555555555555
3 0.2 0.5416666666666666 0.3984375 0.9055555555555556
3 0.64765625 0.44305555555555554 0.0609375 0.175
3 0.558984375 0.4375 0.11640625 0.175
3 0.98671875 0.45555555555555555 0.025 0.13055555555555556
3 0.323046875 0.44305555555555554 0.14453125 0.19166666666666668
3 0.719921875 0.49027777777777776 0.04921875 0.08888888888888889
3 0.11640625 0.40069444444444446 0.2328125 0.6180555555555556