3 0.430078125 0.42777777777777776 0.025390625 0.09652777777777778
3 0.590234375 0.47708333333333336 0.027734375 0.11180555555555556
3 0.367578125 0.7180555555555556 0.037109375 0.09722222222222222
3 0.408984375 0.42986111111111114 0.025 0.08541666666666667
3 0.471484375 0.7263888888888889 0.0453125 0.11180555555555556
3 0.666796875 0.10625 0.024609375 0.04513888888888889
3 0.644140625 0.7798611111111111 0.0359375 0.1284722222222222
3 0.138671875 0.9145833333333333 0.034375 0.06666666666666667
3 0.073046875 0.6166666666666667 0.038671875 0.06875
3 0.4984375 0.7972222222222223 0.03125 0.10347222222222222
3 0.877734375 0.27152777777777776 0.027734375 0.07222222222222222
3 0.278515625 0.42569444444444443 0.030859375 0.09444444444444444
3 0.137890625 0.6784722222222223 0.026953125 0.07291666666666667
3 0.205078125 0.3958333333333333 0.033984375 0.07291666666666667
3 0.599609375 0.7409722222222223 0.038671875 0.08055555555555556
3 0.1546875 0.6277777777777778 0.030078125 0.06111111111111111
3 0.193359375 0.4736111111111111 0.03125 0.05625
3 0.902734375 0.3375 0.0234375 0.06388888888888888
3 0.542578125 0.13958333333333334 0.023046875 0.05277777777777778
3 0.619140625 0.8388888888888889 0.037109375 0.08888888888888889
3 0.057421875 0.6673611111111111 0.029296875 0.06736111111111111
3 0.635546875 0.47291666666666665 0.0265625 0.09444444444444444
3 0.8 0.39791666666666664 0.028125 0.10277777777777777
3 0.355078125 0.42083333333333334 0.025 0.07847222222222222
3 0.722265625 0.5229166666666667 0.0265625 0.06736111111111111
3 0.398046875 0.5298611111111111 0.019921875 0.059027777777777776
3 0.753515625 0.8659722222222223 0.037109375 0.10347222222222222
3 0.0265625 0.19791666666666666 0.026171875 0.034027777777777775
3 0.703515625 0.5006944444444444 0.027734375 0.09375
3 0.448828125 0.23333333333333334 0.040625 0.07430555555555556
3 0.727734375 0.20208333333333334 0.021875 0.05486111111111111
3 0.26484375 0.7493055555555556 0.027734375 0.052083333333333336
3 0.669140625 0.7798611111111111 0.0359375 0.06458333333333334
3 0.487109375 0.6347222222222222 0.022265625 0.041666666666666664
3 0.874609375 0.8465277777777778 0.0421875 0.06041666666666667
3 0.524609375 0.8034722222222223 0.0328125 0.1
3 0.23203125 0.3159722222222222 0.027734375 0.06666666666666667
3 0.568359375 0.8159722222222222 0.033984375 0.10069444444444445
3 0.229296875 0.9493055555555555 0.038671875 0.05763888888888889
3 0.321875 0.7583333333333333 0.048828125 0.09444444444444444
3 0.5359375 0.2798611111111111 0.035546875 0.06666666666666667
3 0.698046875 0.7847222222222222 0.034375 0.08611111111111111
3 0.35859375 0.6104166666666667 0.025390625 0.05555555555555555
3 0.567578125 0.7409722222222223 0.032421875 0.06736111111111111
3 0.319921875 0.40694444444444444 0.023046875 0.08611111111111111
3 0.583203125 0.65625 0.028125 0.05625
3 0.332421875 0.7777777777777778 0.028125 0.05555555555555555
3 0.591796875 0.8263888888888888 0.033203125 0.10277777777777777
3 0.508203125 0.7034722222222223 0.033203125 0.075
3 0.723828125 0.7861111111111111 0.035546875 0.07430555555555556
3 0.05625 0.30833333333333335 0.017578125 0.03680555555555556
3 0.358984375 0.28541666666666665 0.012890625 0.02847222222222222
3 0.475 0.3326388888888889 0.014453125 0.03611111111111111
3 0.7453125 0.5201388888888889 0.025 0.10069444444444445
3 0.22109375 0.9243055555555556 0.2046875 0.14791666666666667
3 0.783203125 0.8256944444444444 0.035546875 0.07708333333333334
3 0.655859375 0.48055555555555557 0.025 0.08125
3 0.869140625 0.14305555555555555 0.037890625 0.075
3 0.490625 0.3013888888888889 0.034375 0.07708333333333334
3 0.31328125 0.7423611111111111 0.030859375 0.06180555555555556
3 0.591015625 0.3034722222222222 0.012890625 0.03958333333333333
3 0.77890625 0.7256944444444444 0.056640625 0.11180555555555556
3 0.152734375 0.32708333333333334 0.021484375 0.04375
3 0.228515625 0.5965277777777778 0.101171875 0.34444444444444444
3 0.678515625 0.4756944444444444 0.024609375 0.06597222222222222
3 0.713671875 0.8652777777777778 0.04375 0.09375
3 0.337890625 0.41180555555555554 0.021484375 0.08055555555555556
3 0.04765625 0.7263888888888889 0.0234375 0.058333333333333334
3 0.25859375 0.6701388888888888 0.034765625 0.07430555555555556
3 0.239453125 0.7006944444444444 0.0375 0.07430555555555556
3 0.30234375 0.40625 0.019140625 0.08402777777777778
3 0.773828125 0.2222222222222222 0.015625 0.03125
3 0.244140625 0.5944444444444444 0.032421875 0.09097222222222222
3 0.31328125 0.04652777777777778 0.019140625 0.049305555555555554
3 0.819140625 0.07430555555555556 0.021484375 0.08055555555555556
3 0.889453125 0.40694444444444444 0.027734375 0.06388888888888888
3 0.662890625 0.8486111111111111 0.0328125 0.09722222222222222
3 0.255859375 0.5243055555555556 0.030859375 0.07569444444444444
3 0.452734375 0.02847222222222222 0.025 0.03958333333333333
3 0.090625 0.5854166666666667 0.023046875 0.05347222222222222
3 0.504296875 0.40902777777777777 0.016796875 0.03611111111111111
3 0.81328125 0.23819444444444443 0.012109375 0.03819444444444445
3 0.018359375 0.4548611111111111 0.03671875 0.05138888888888889
3 0.7578125 0.7923611111111111 0.036328125 0.07152777777777777
3 0.228125 0.2423611111111111 0.026171875 0.07222222222222222
3 0.550390625 0.4777777777777778 0.030078125 0.08888888888888889
3 0.79921875 0.575 0.040234375 0.10347222222222222
3 0.511328125 0.5569444444444445 0.024609375 0.04513888888888889
3 0.123828125 0.05625 0.021875 0.06041666666666667
3 0.308203125 0.41180555555555554 0.1203125 0.11458333333333333
3 0.58984375 0.06319444444444444 0.0296875 0.03611111111111111
3 0.427734375 0.3104166666666667 0.041015625 0.08055555555555556
0 0.408203125 0.8743055555555556 0.0265625 0.024305555555555556
0 0.373046875 0.9465277777777777 0.0296875 0.029861111111111113
0 0.223046875 0.8076388888888889 0.023046875 0.022916666666666665
0 0.338671875 0.9770833333333333 0.024609375 0.025
0 0.037890625 0.9701388888888889 0.016796875 0.034027777777777775
0 0.178515625 0.18541666666666667 0.0078125 0.013194444444444444
0 0.24296875 0.11319444444444444 0.006640625 0.009027777777777777
0 0.085546875 0.7201388888888889 0.0125 0.024305555555555556
0 0.29296875 0.8361111111111111 0.0234375 0.022222222222222223
0 0.691796875 0.9784722222222222 0.029296875 0.02847222222222222
0 0.032421875 0.9340277777777778 0.012890625 0.016666666666666666
0 0.727734375 0.9881944444444445 0.030859375 0.021527777777777778
0 0.134375 0.7625 0.020703125 0.025
0 0.21640625 0.13680555555555557 0.008984375 0.01597222222222222
0 0.241015625 0.8729166666666667 0.027734375 0.027777777777777776
0 0.261328125 0.0763888888888889 0.00625 0.010416666666666666
0 0.16484375 0.5784722222222223 0.016015625 0.029861111111111113
0 0.866015625 0.7715277777777778 0.013671875 0.035416666666666666
0 0.096484375 0.8340277777777778 0.015234375 0.03125
0 0.171484375 0.22569444444444445 0.0109375 0.02013888888888889
0 0.15390625 0.4326388888888889 0.009765625 0.017361111111111112
0 0.153125 0.2902777777777778 0.008203125 0.01597222222222222
0 0.112890625 0.6645833333333333 0.012109375 0.024305555555555556
0 0.143359375 0.48333333333333334 0.0109375 0.01875
0 0.2 0.35347222222222224 0.009375 0.01597222222222222
0 0.841015625 0.94375 0.023046875 0.03819444444444445
0 0.337890625 0.19375 0.009375 0.014583333333333334
0 0.203125 0.7701388888888889 0.021875 0.022916666666666665
0 0.290234375 0.8895833333333333 0.023046875 0.022222222222222223
0 0.06015625 0.9388888888888889 0.019140625 0.044444444444444446
0 0.119921875 0.5770833333333333 0.0125 0.021527777777777778
0 0.1828125 0.3145833333333333 0.008203125 0.013194444444444444
0 0.859765625 0.46041666666666664 0.0109375 0.01875
0 0.828515625 0.9541666666666667 0.021484375 0.03958333333333333
0 0.26171875 0.7895833333333333 0.022265625 0.024305555555555556
0 0.209375 0.25625 0.007421875 0.011111111111111112
0 0.590625 0.33611111111111114 0.009375 0.01875
0 0.169140625 0.3923611111111111 0.008203125 0.01597222222222222
0 0.291015625 0.7986111111111112 0.025 0.025
0 0.17578125 0.34930555555555554 0.0109375 0.02013888888888889
0 0.52421875 0.8777777777777778 0.027734375 0.027777777777777776
0 0.14296875 0.7361111111111112 0.019140625 0.025694444444444443
0 0.796484375 0.9333333333333333 0.028125 0.04236111111111111
0 0.812109375 0.8895833333333333 0.014453125 0.03263888888888889
0 0.8171875 0.7847222222222222 0.013671875 0.027083333333333334
0 0.10859375 0.7451388888888889 0.016015625 0.02847222222222222
0 0.865234375 0.7291666666666666 0.012109375 0.02847222222222222
0 0.129296875 0.6465277777777778 0.011328125 0.024305555555555556
0 0.833203125 0.81875 0.0125 0.03263888888888889
0 0.81953125 0.7145833333333333 0.0140625 0.03125
0 0.191015625 0.3284722222222222 0.008984375 0.013888888888888888
0 0.7109375 0.9381944444444444 0.023046875 0.022222222222222223
0 0.167578125 0.45208333333333334 0.010546875 0.019444444444444445
0 0.76484375 0.9951388888888889 0.0265625 0.007638888888888889
0 0.149609375 0.5444444444444444 0.009765625 0.016666666666666666
0 0.2375 0.7798611111111111 0.023828125 0.025
0 0.098828125 0.7833333333333333 0.016796875 0.03680555555555556
0 0.8640625 0.6659722222222222 0.013671875 0.022222222222222223
0 0.116015625 0.7180555555555556 0.0125 0.025
0 0.818359375 0.7493055555555556 0.011328125 0.025
0 0.266796875 0.8819444444444444 0.0265625 0.027083333333333334
0 0.9359375 0.6590277777777778 0.013671875 0.014583333333333334
0 0.8296875 0.8923611111111112 0.014453125 0.03263888888888889
0 0.314453125 0.8215277777777777 0.025 0.027777777777777776
0 0.19375 0.29930555555555555 0.007421875 0.013194444444444444
0 0.035546875 0.9229166666666667 0.019140625 0.03958333333333333
1 0.52421875 0.6416666666666667 0.042578125 0.07013888888888889
1 0.57265625 0.6541666666666667 0.02734375 0.07361111111111111
1 0.43828125 0.6159722222222223 0.03125 0.052083333333333336
1 0.450390625 0.5465277777777777 0.053125 0.03958333333333333
1 0.473828125 0.4895833333333333 0.0453125 0.027083333333333334
1 0.529296875 0.5673611111111111 0.019140625 0.04097222222222222
1 0.451953125 0.3013888888888889 0.061328125 0.04583333333333333