2 0.187109375 0.5555555555555556 0.11640625 0.6
2 0.1046875 0.5229166666666667 0.134375 0.5625
2 0.41015625 0.425 0.04375 0.2611111111111111
2 0.28671875 0.43819444444444444 0.040625 0.2513888888888889
2 0.458203125 0.4270833333333333 0.05859375 0.2513888888888889
2 0.320703125 0.44375 0.04765625 0.2652777777777778
2 0.362890625 0.43680555555555556 0.04140625 0.23194444444444445
3 0.70078125 0.5888888888888889 0.171875 0.22777777777777777
3 0.7265625 0.6236111111111111 0.11875 0.15833333333333333
3 0.567578125 0.31875 0.19765625 0.6333333333333333
3 0.2109375 0.24861111111111112 0.209375 0.49722222222222223
3 0.3875 0.20833333333333334 0.2328125 0.4166666666666667
3 0.03671875 0.12638888888888888 0.0734375 0.25277777777777777
3 0.458984375 0.31666666666666665 0.403125 0.6333333333333333
3 0.77421875 0.8548611111111111 0.2765625 0.2847222222222222