2 0.672265625 0.6076388888888888 0.01328125 0.043055555555555555
2 0.316015625 0.5826388888888889 0.00859375 0.02361111111111111
2 0.4734375 0.6270833333333333 0.0203125 0.07361111111111111
2 0.329296875 0.5840277777777778 0.01015625 0.02361111111111111
3 0.409765625 0.6430555555555556 0.12890625 0.2111111111111111
3 0.59921875 0.5659722222222222 0.159375 0.24305555555555555
3 0.251171875 0.6722222222222223 0.08203125 0.12777777777777777
3 0.721875 0.6097222222222223 0.084375 0.16944444444444445
3 0.175390625 0.49722222222222223 0.13828125 0.24166666666666667
3 0.45703125 0.5423611111111111 0.0734375 0.1486111111111111
3 0.544140625 0.6680555555555555 0.04921875 0.08611111111111111
3 0.1703125 0.7041666666666667 0.1359375 0.19166666666666668
3 0.434375 0.8493055555555555 0.675 0.29583333333333334
3 0.5546875 0.5555555555555556 0.0703125 0.16944444444444445