2 0.965625 0.7125 0.0671875 0.5722222222222222
2 0.57734375 0.6527777777777778 0.0734375 0.32222222222222224
2 0.433203125 0.6715277777777777 0.04765625 0.23472222222222222
2 0.498828125 0.6291666666666667 0.02890625 0.15555555555555556
2 0.631640625 0.6340277777777777 0.02578125 0.17083333333333334
2 0.7046875 0.5583333333333333 0.0296875 0.04722222222222222
2 0.53359375 0.6284722222222222 0.0265625 0.15694444444444444
2 0.4671875 0.6326388888888889 0.025 0.12916666666666668
2 0.18203125 0.60625 0.01875 0.059722222222222225
2 0.00625 0.5701388888888889 0.0125 0.043055555555555555
3 0.24296875 0.41458333333333336 0.303125 0.6680555555555555
3 0.0875 0.5194444444444445 0.1734375 0.25277777777777777
3 0.33359375 0.5472222222222223 0.128125 0.23333333333333334
3 0.013671875 0.5493055555555556 0.02734375 0.20694444444444443