2 0.266796875 0.6416666666666667 0.01171875 0.03888888888888889
2 0.523046875 0.6201388888888889 0.00859375 0.05138888888888889
2 0.21171875 0.625 0.0125 0.03333333333333333
2 0.24921875 0.6152777777777778 0.009375 0.05277777777777778
2 0.595703125 0.6458333333333334 0.01328125 0.058333333333333334
1 0.562109375 0.7513888888888889 0.86953125 0.4888888888888889
1 0.54921875 0.85 0.0296875 0.19166666666666668
3 0.97578125 0.43472222222222223 0.046875 0.24444444444444444
3 0.89453125 0.4888888888888889 0.0390625 0.06388888888888888
3 0.805859375 0.4791666666666667 0.03828125 0.09722222222222222
3 0.38125 0.47152777777777777 0.284375 0.5152777777777777
3 0.155859375 0.4701388888888889 0.21484375 0.4597222222222222
3 0.056640625 0.3402777777777778 0.11328125 0.6805555555555556
3 0.855859375 0.4965277777777778 0.03359375 0.05138888888888889
3 0.729296875 0.5923611111111111 0.07109375 0.15416666666666667
3 0.925 0.5006944444444444 0.040625 0.0375
3 0.59765625 0.47291666666666665 0.1609375 0.35138888888888886