2 0.40625 0.47708333333333336 0.0234375 0.12083333333333333
2 0.137109375 0.4736111111111111 0.02890625 0.1388888888888889
2 0.45703125 0.4875 0.0265625 0.1388888888888889
2 0.741015625 0.5604166666666667 0.04921875 0.17916666666666667
2 0.362890625 0.4576388888888889 0.02578125 0.0763888888888889
2 0.53515625 0.4930555555555556 0.0265625 0.11666666666666667
2 0.490625 0.48541666666666666 0.0234375 0.12083333333333333
2 0.62109375 0.5722222222222222 0.0328125 0.15555555555555556
3 0.197265625 0.2701388888888889 0.18828125 0.3236111111111111
3 0.54609375 0.7347222222222223 0.4203125 0.525
3 0.363671875 0.3506944444444444 0.08046875 0.19583333333333333
3 0.403125 0.2847222222222222 0.103125 0.3333333333333333
3 0.56484375 0.36736111111111114 0.25 0.7347222222222223
3 0.4203125 0.3423611111111111 0.0671875 0.21805555555555556
2 0.274609375 0.4756944444444444 0.030078125 0.10625
2 0.307421875 0.4666666666666667 0.030859375 0.08263888888888889
2 0.22578125 0.4756944444444444 0.026171875 0.07222222222222222