2 0.981640625 0.6194444444444445 0.03515625 0.2111111111111111
2 0.92265625 0.6138888888888889 0.0546875 0.19722222222222222
1 0.462109375 0.6666666666666666 0.02890625 0.14166666666666666
1 0.462890625 0.6576388888888889 0.25546875 0.2708333333333333
1 0.38984375 0.6861111111111111 0.0296875 0.09444444444444444
1 0.46328125 0.6194444444444445 0.2625 0.5333333333333333
1 0.5703125 0.6069444444444444 0.021875 0.1527777777777778
3 0.48984375 0.8048611111111111 0.10625 0.15416666666666667
3 0.553515625 0.5875 0.08203125 0.4666666666666667
3 0.361328125 0.8118055555555556 0.04921875 0.13472222222222222
3 0.3953125 0.6416666666666667 0.1171875 0.18055555555555555
3 0.552734375 0.44305555555555554 0.07578125 0.175