2 0.388671875 0.59375 0.02890625 0.09861111111111111
2 0.891796875 0.47847222222222224 0.01953125 0.05694444444444444
2 0.833984375 0.4965277777777778 0.02265625 0.059722222222222225
2 0.01953125 0.7868055555555555 0.0390625 0.34305555555555556
2 0.111328125 0.6555555555555556 0.04140625 0.12777777777777777
2 0.692578125 0.5236111111111111 0.01328125 0.07222222222222222
2 0.6703125 0.5409722222222222 0.0171875 0.04583333333333333
2 0.050390625 0.7194444444444444 0.06171875 0.25
2 0.91875 0.47847222222222224 0.0140625 0.04861111111111111
2 0.81171875 0.4986111111111111 0.0125 0.06111111111111111
2 0.325 0.5826388888888889 0.0265625 0.09861111111111111
3 0.33359375 0.8548611111111111 0.55625 0.2847222222222222
3 0.440625 0.4270833333333333 0.1953125 0.36527777777777776
3 0.85625 0.3506944444444444 0.284375 0.7013888888888888
3 0.177734375 0.32569444444444445 0.35546875 0.6513888888888889
3 0.948828125 0.4666666666666667 0.10078125 0.4722222222222222