2 0.7671875 0.6979166666666666 0.0859375 0.3541666666666667
2 0.937109375 0.5798611111111112 0.02421875 0.09861111111111111
2 0.845703125 0.5694444444444444 0.01640625 0.06666666666666667
2 0.90625 0.5604166666666667 0.0203125 0.07916666666666666
1 0.5890625 0.5680555555555555 0.28125 0.2388888888888889
1 0.16484375 0.6763888888888889 0.3296875 0.36944444444444446
1 0.588671875 0.3472222222222222 0.28203125 0.6805555555555556
1 0.588671875 0.6465277777777778 0.28046875 0.08194444444444444
3 0.459375 0.3138888888888889 0.0859375 0.19722222222222222
3 0.373828125 0.40694444444444444 0.07265625 0.1638888888888889
3 0.7265625 0.3576388888888889 0.0828125 0.1125
3 0.26484375 0.4375 0.0609375 0.21388888888888888
3 0.957421875 0.41388888888888886 0.08203125 0.2638888888888889
3 0.21015625 0.4444444444444444 0.084375 0.32222222222222224
3 0.125 0.3701388888888889 0.109375 0.3125
3 0.508203125 0.5013888888888889 0.07578125 0.15
3 0.320703125 0.39652777777777776 0.06171875 0.15416666666666667
3 0.5734375 0.43680555555555556 0.0296875 0.04583333333333333
3 0.05703125 0.4284722222222222 0.1140625 0.3263888888888889
3 0.155859375 0.39305555555555555 0.05078125 0.10833333333333334
3 0.605078125 0.4395833333333333 0.04140625 0.043055555555555555
3 0.7453125 0.50625 0.096875 0.09305555555555556
3 0.92109375 0.4354166666666667 0.065625 0.2263888888888889
3 0.778515625 0.38958333333333334 0.03828125 0.03194444444444444
3 0.111328125 0.6048611111111111 0.09609375 0.1486111111111111
3 0.604296875 0.5048611111111111 0.04453125 0.1736111111111111
3 0.354296875 0.47152777777777777 0.03671875 0.04861111111111111
3 0.156640625 0.46875 0.05859375 0.25972222222222224
3 0.01640625 0.2881944444444444 0.0328125 0.12083333333333333
3 0.305078125 0.44513888888888886 0.07265625 0.09583333333333334
3 0.398046875 0.47847222222222224 0.02421875 0.03194444444444444
3 0.16640625 0.5222222222222223 0.0671875 0.18055555555555555
3 0.8796875 0.44583333333333336 0.0359375 0.03888888888888889
0 0.806640625 0.5673611111111111 0.04765625 0.04861111111111111