2 0.704296875 0.8194444444444444 0.22265625 0.35833333333333334
2 0.14921875 0.8083333333333333 0.025 0.125
2 0.55234375 0.775 0.0140625 0.09444444444444444
2 0.288671875 0.7715277777777778 0.01640625 0.034722222222222224
2 0.973828125 0.8291666666666667 0.05078125 0.3388888888888889
2 0.45546875 0.78125 0.0171875 0.10416666666666667
2 0.1328125 0.7909722222222222 0.0140625 0.04583333333333333
1 0.593359375 0.8986111111111111 0.75078125 0.19722222222222222
3 0.732421875 0.5159722222222223 0.09453125 0.18194444444444444
3 0.323046875 0.6013888888888889 0.06484375 0.24166666666666667
3 0.065625 0.5673611111111111 0.1234375 0.30694444444444446
3 0.37421875 0.6361111111111111 0.065625 0.25555555555555554
3 0.2796875 0.6256944444444444 0.0796875 0.2013888888888889
3 0.81171875 0.5993055555555555 0.11875 0.5263888888888889
3 0.020703125 0.5118055555555555 0.04140625 0.2625
3 0.493359375 0.6333333333333333 0.04609375 0.275
3 0.53515625 0.6361111111111111 0.06875 0.2916666666666667
3 0.40390625 0.6513888888888889 0.0640625 0.22777777777777777
3 0.224609375 0.6069444444444444 0.06171875 0.2222222222222222
3 0.355078125 0.7395833333333334 0.05703125 0.1625
3 0.16953125 0.6166666666666667 0.078125 0.275
3 0.594140625 0.8048611111111111 0.11953125 0.3819444444444444
3 0.580859375 0.6333333333333333 0.06796875 0.275
3 0.16015625 0.5597222222222222 0.140625 0.38333333333333336
3 0.7328125 0.6138888888888889 0.0953125 0.37777777777777777
3 0.465625 0.6451388888888889 0.053125 0.2625
3 0.09453125 0.7486111111111111 0.0859375 0.1361111111111111
3 0.438671875 0.6347222222222222 0.03984375 0.2611111111111111
3 0.020703125 0.43125 0.04140625 0.09861111111111111
3 0.205078125 0.5701388888888889 0.05078125 0.24027777777777778
3 0.1328125 0.6229166666666667 0.0546875 0.24027777777777778
3 0.008984375 0.5916666666666667 0.01796875 0.1