2 0.46328125 0.7034722222222223 0.04375 0.19027777777777777
2 0.384375 0.6888888888888889 0.0359375 0.2
2 0.927734375 0.6701388888888888 0.02421875 0.09861111111111111
2 0.757421875 0.6548611111111111 0.01953125 0.10694444444444444
2 0.3625 0.6611111111111111 0.0125 0.08888888888888889
2 0.634765625 0.6618055555555555 0.01953125 0.09305555555555556
2 0.73984375 0.6625 0.0171875 0.09444444444444444
2 0.353515625 0.6631944444444444 0.02265625 0.09305555555555556
2 0.90703125 0.6763888888888889 0.0234375 0.07222222222222222
1 0.691796875 0.6777777777777778 0.59296875 0.25833333333333336
1 0.637109375 0.6625 0.24140625 0.2111111111111111
1 0.6109375 0.6180555555555556 0.0359375 0.10833333333333334
3 0.933203125 0.40902777777777777 0.13046875 0.4597222222222222
3 0.05625 0.5243055555555556 0.075 0.25416666666666665
3 0.1375 0.5194444444444445 0.0765625 0.2638888888888889
3 0.348828125 0.48055555555555557 0.05859375 0.16666666666666666
3 0.63828125 0.49236111111111114 0.0484375 0.1736111111111111
3 0.682421875 0.48819444444444443 0.05703125 0.14027777777777778
3 0.3921875 0.4826388888888889 0.05 0.1597222222222222
3 0.2390625 0.5215277777777778 0.065625 0.2763888888888889
3 0.598046875 0.5125 0.05703125 0.13333333333333333
3 0.553515625 0.5180555555555556 0.04921875 0.16666666666666666
3 0.822265625 0.47430555555555554 0.08359375 0.19583333333333333
3 0.456640625 0.48125 0.04453125 0.16527777777777777
3 0.18828125 0.4930555555555556 0.053125 0.20833333333333334
3 0.2703125 0.5104166666666666 0.053125 0.15416666666666667
3 0.72734375 0.5166666666666667 0.05625 0.15833333333333333
3 0.3078125 0.44375 0.0515625 0.10972222222222222
3 0.528125 0.5479166666666667 0.05 0.10972222222222222
3 0.3078125 0.5138888888888888 0.053125 0.25
3 0.77578125 0.5055555555555555 0.0578125 0.24722222222222223
3 0.435546875 0.5013888888888889 0.05546875 0.125
3 0.8078125 0.6506944444444445 0.08125 0.1763888888888889
3 0.887890625 0.47152777777777777 0.09921875 0.3541666666666667
3 0.68671875 0.6458333333333334 0.1015625 0.18055555555555555
3 0.211328125 0.5243055555555556 0.04296875 0.07361111111111111
3 0.489453125 0.48194444444444445 0.06796875 0.24166666666666667
3 0.519921875 0.5006944444444444 0.05703125 0.19027777777777777
3 0.02734375 0.51875 0.0546875 0.16527777777777777
3 0.8921875 0.3548611111111111 0.1078125 0.11805555555555555
3 0.239453125 0.4465277777777778 0.06328125 0.12638888888888888
3 0.499609375 0.44583333333333336 0.04609375 0.16666666666666666
3 0.756640625 0.5118055555555555 0.05234375 0.22361111111111112
3 0.0125 0.3875 0.025 0.06111111111111111