2 0.944140625 0.6527777777777778 0.02265625 0.09444444444444444
2 0.523828125 0.7375 0.06484375 0.32222222222222224
2 0.9203125 0.65 0.0203125 0.10277777777777777
2 0.683984375 0.6395833333333333 0.01796875 0.09027777777777778
2 0.63984375 0.6326388888888889 0.015625 0.07361111111111111
1 0.372265625 0.6159722222222223 0.24609375 0.24027777777777778
1 0.055078125 0.7152777777777778 0.11015625 0.09166666666666666
1 0.72265625 0.6541666666666667 0.29375 0.2902777777777778
1 0.378125 0.5847222222222223 0.259375 0.3
1 0.852734375 0.6548611111111111 0.29453125 0.3375
3 0.2734375 0.34305555555555556 0.09375 0.20833333333333334
3 0.179296875 0.42916666666666664 0.07421875 0.18055555555555555
3 0.969921875 0.42430555555555555 0.05859375 0.17083333333333334
3 0.5359375 0.41875 0.075 0.10138888888888889
3 0.04140625 0.45069444444444445 0.0796875 0.24027777777777778
3 0.115234375 0.4131944444444444 0.07578125 0.16805555555555557
3 0.925390625 0.4625 0.06796875 0.20555555555555555
3 0.544921875 0.5763888888888888 0.08203125 0.11388888888888889
3 0.872265625 0.4708333333333333 0.07578125 0.20277777777777778
3 0.01484375 0.3611111111111111 0.0296875 0.15
3 0.148828125 0.5493055555555556 0.04296875 0.15416666666666667
3 0.318359375 0.5430555555555555 0.08359375 0.14444444444444443
3 0.798046875 0.4736111111111111 0.06171875 0.14444444444444443
3 0.73203125 0.4840277777777778 0.065625 0.2152777777777778
3 0.39140625 0.48194444444444445 0.034375 0.05
3 0.423046875 0.5534722222222223 0.04296875 0.1763888888888889
3 0.9078125 0.525 0.05625 0.11944444444444445
3 0.066796875 0.5173611111111112 0.03984375 0.09305555555555556
3 0.58203125 0.4576388888888889 0.0359375 0.029166666666666667
3 0.0875 0.4701388888888889 0.0890625 0.11527777777777778
3 0.423046875 0.4888888888888889 0.04296875 0.04722222222222222
3 0.7625 0.5208333333333334 0.0734375 0.15
3 0.2 0.5111111111111111 0.028125 0.03611111111111111
3 0.7015625 0.5097222222222222 0.053125 0.20555555555555555
3 0.828125 0.5298611111111111 0.0375 0.10972222222222222
3 0.444140625 0.5993055555555555 0.06796875 0.1125
3 0.669140625 0.5138888888888888 0.02890625 0.03611111111111111
3 0.39140625 0.5388888888888889 0.0359375 0.1638888888888889