3 0.39609375 0.12569444444444444 0.096875 0.2513888888888889
3 0.226953125 0.04513888888888889 0.076171875 0.08958333333333333
3 0.68359375 0.11736111111111111 0.26875 0.23472222222222222
3 0.069140625 0.14375 0.137109375 0.25069444444444444
3 0.356640625 0.1284722222222222 0.084765625 0.23541666666666666
3 0.135546875 0.059722222222222225 0.034765625 0.11180555555555556
3 0.968359375 0.06458333333333334 0.06171875 0.12916666666666668
3 0.175390625 0.05416666666666667 0.0546875 0.10833333333333334
3 0.887109375 0.05347222222222222 0.155859375 0.10625
3 0.48828125 0.03958333333333333 0.0296875 0.07847222222222222
3 0.555078125 0.07708333333333334 0.108984375 0.15347222222222223
3 0.178515625 0.1701388888888889 0.048828125 0.11597222222222223
3 0.20390625 0.12708333333333333 0.047265625 0.09097222222222222
0 0.456640625 0.1284722222222222 0.0203125 0.011805555555555555