1 0.251171875 0.3576388888888889 0.121875 0.10277777777777777
3 0.275390625 0.7395833333333334 0.065625 0.20347222222222222
3 0.221484375 0.7576388888888889 0.05625 0.18263888888888888
3 0.08984375 0.7618055555555555 0.0609375 0.16944444444444445
3 0.683203125 0.74375 0.0640625 0.13333333333333333
3 0.366796875 0.04583333333333333 0.035546875 0.08611111111111111
3 0.785546875 0.7395833333333334 0.0703125 0.1451388888888889
3 0.236328125 0.24513888888888888 0.080859375 0.13819444444444445
3 0.949609375 0.79375 0.063671875 0.1951388888888889
3 0.72734375 0.10833333333333334 0.0203125 0.08333333333333333
3 0.895703125 0.7541666666666667 0.069140625 0.1527777777777778
3 0.9703125 0.18263888888888888 0.057421875 0.13055555555555556
3 0.8421875 0.7576388888888889 0.060546875 0.15902777777777777
3 0.97734375 0.8395833333333333 0.044140625 0.13680555555555557
3 0.035546875 0.74375 0.066796875 0.16111111111111112
3 0.069140625 0.3840277777777778 0.024609375 0.049305555555555554
3 0.77421875 0.12569444444444444 0.0203125 0.04513888888888889
3 0.446484375 0.8388888888888889 0.030078125 0.052083333333333336
3 0.681640625 0.1951388888888889 0.025390625 0.04375
3 0.6859375 0.09791666666666667 0.01875 0.07708333333333334
3 0.56875 0.8076388888888889 0.039453125 0.17777777777777778
3 0.22734375 0.4465277777777778 0.083984375 0.1326388888888889
3 0.419140625 0.6222222222222222 0.034375 0.08680555555555555
3 0.527734375 0.8368055555555556 0.032421875 0.06388888888888888
3 0.454296875 0.6381944444444444 0.027734375 0.06041666666666667
3 0.141015625 0.8368055555555556 0.053125 0.08888888888888889
3 0.040625 0.33194444444444443 0.023828125 0.05277777777777778
3 0.639453125 0.93125 0.037109375 0.06875
3 0.733984375 0.5423611111111111 0.025 0.07013888888888889
3 0.5640625 0.9541666666666667 0.054296875 0.08611111111111111
3 0.320703125 0.44513888888888886 0.0234375 0.05
3 0.703515625 0.11180555555555556 0.019921875 0.07222222222222222
3 0.596484375 0.8173611111111111 0.041796875 0.15347222222222223
3 0.31171875 0.8423611111111111 0.018359375 0.03958333333333333
3 0.5328125 0.9 0.042578125 0.1909722222222222
3 0.528515625 0.28958333333333336 0.018359375 0.04097222222222222
3 0.854296875 0.017361111111111112 0.023046875 0.034027777777777775
3 0.3375 0.34791666666666665 0.071875 0.11944444444444445
3 0.161328125 0.4152777777777778 0.047265625 0.07291666666666667
3 0.626953125 0.8715277777777778 0.026171875 0.05
3 0.38515625 0.3541666666666667 0.166015625 0.2326388888888889
3 0.572265625 0.3486111111111111 0.030859375 0.034027777777777775
3 0.742578125 0.9506944444444444 0.051171875 0.09444444444444444
3 0.253515625 0.25763888888888886 0.044921875 0.11666666666666667
3 0.975390625 0.19444444444444445 0.034375 0.09791666666666667
3 0.826171875 0.12986111111111112 0.020703125 0.03611111111111111
3 0.955859375 0.1701388888888889 0.026953125 0.09097222222222222
3 0.909765625 0.4534722222222222 0.026171875 0.050694444444444445
3 0.695703125 0.10486111111111111 0.035546875 0.08888888888888889
3 0.5171875 0.31180555555555556 0.015625 0.052083333333333336
3 0.4171875 0.3125 0.101171875 0.14722222222222223
3 0.9125 0.15555555555555556 0.019921875 0.09236111111111112
3 0.830859375 0.018055555555555554 0.030078125 0.03611111111111111
3 0.6234375 0.34652777777777777 0.028125 0.06944444444444445
3 0.983984375 0.4479166666666667 0.030859375 0.07152777777777777
3 0.546484375 0.36944444444444446 0.022265625 0.04652777777777778
3 0.4390625 0.050694444444444445 0.030078125 0.09930555555555555
3 0.38203125 0.4201388888888889 0.062890625 0.09930555555555555
3 0.433984375 0.035416666666666666 0.01875 0.06944444444444445
3 0.362109375 0.8659722222222223 0.030078125 0.04513888888888889
3 0.010546875 0.08055555555555556 0.02109375 0.044444444444444446
3 0.0125 0.7451388888888889 0.025 0.1701388888888889
0 0.9328125 0.8652777777777778 0.0375 0.03819444444444445
0 0.85 0.03680555555555556 0.01875 0.01875
0 0.526171875 0.9597222222222223 0.023828125 0.034027777777777775
0 0.968359375 0.4083333333333333 0.0296875 0.025
0 0.966015625 0.3923611111111111 0.031640625 0.01875
0 0.96171875 0.3784722222222222 0.0296875 0.022222222222222223
0 0.9515625 0.36527777777777776 0.028515625 0.022916666666666665
0 0.94140625 0.34652777777777777 0.026953125 0.02361111111111111
0 0.964453125 0.3333333333333333 0.0234375 0.030555555555555555
0 0.97578125 0.3138888888888889 0.019921875 0.02638888888888889
0 0.962890625 0.28402777777777777 0.01875 0.027777777777777776
0 0.95234375 0.26666666666666666 0.017578125 0.020833333333333332
0 0.936328125 0.33194444444444443 0.023828125 0.021527777777777778
0 0.93046875 0.3194444444444444 0.029296875 0.019444444444444445
0 0.923828125 0.30486111111111114 0.027734375 0.022916666666666665
0 0.91796875 0.2951388888888889 0.0328125 0.013888888888888888
0 0.915234375 0.28888888888888886 0.030859375 0.020833333333333332
0 0.90546875 0.2673611111111111 0.027734375 0.021527777777777778
0 0.8984375 0.25069444444444444 0.025 0.013194444444444444
0 0.915234375 0.2263888888888889 0.0203125 0.02638888888888889
0 0.9421875 0.24166666666666667 0.019921875 0.02638888888888889
1 0.3953125 0.8465277777777778 0.075390625 0.04375
1 0.71328125 0.9534722222222223 0.041796875 0.09305555555555556