2 0.512890625 0.5534722222222223 0.011328125 0.044444444444444446
2 0.5625 0.5597222222222222 0.008203125 0.03958333333333333
2 0.536328125 0.5034722222222222 0.0109375 0.041666666666666664
2 0.539453125 0.47152777777777777 0.007421875 0.025694444444444443
2 0.544921875 0.5034722222222222 0.00625 0.03888888888888889
1 0.365234375 0.5006944444444444 0.051171875 0.13958333333333334
3 0.778515625 0.30416666666666664 0.085546875 0.33819444444444446
3 0.278125 0.31180555555555556 0.076171875 0.2965277777777778
3 0.119140625 0.5111111111111111 0.23828125 0.9694444444444444
3 0.354296875 0.32916666666666666 0.062890625 0.08402777777777778
3 0.4828125 0.4979166666666667 0.075 0.1361111111111111
3 0.670703125 0.3597222222222222 0.047265625 0.2048611111111111
3 0.970703125 0.28125 0.05625 0.25763888888888886
3 0.589453125 0.48680555555555555 0.061328125 0.11388888888888889
3 0.614453125 0.5409722222222222 0.0890625 0.08125
3 0.44453125 0.30277777777777776 0.1171875 0.14791666666666667
3 0.64140625 0.47708333333333336 0.0578125 0.07708333333333334
3 0.8765625 0.4326388888888889 0.0625 0.08541666666666667
3 0.820703125 0.42777777777777776 0.041796875 0.09236111111111112
3 0.93515625 0.23194444444444445 0.127734375 0.4395833333333333
3 0.72734375 0.46597222222222223 0.069140625 0.07291666666666667
3 0.444140625 0.3854166666666667 0.117578125 0.31666666666666665
3 0.899609375 0.9270833333333334 0.198828125 0.14166666666666666
3 0.6390625 0.32430555555555557 0.055078125 0.24513888888888888