2 0.40546875 0.6333333333333333 0.058984375 0.28125
2 0.48515625 0.48541666666666666 0.0265625 0.13541666666666666
2 0.45234375 0.39861111111111114 0.0109375 0.06388888888888888
2 0.73828125 0.39444444444444443 0.0109375 0.05763888888888889
2 0.65546875 0.3715277777777778 0.0078125 0.03333333333333333
2 0.626171875 0.3861111111111111 0.008203125 0.04652777777777778
3 0.751953125 0.5423611111111111 0.091015625 0.3527777777777778
3 0.20625 0.4777777777777778 0.15625 0.32222222222222224
3 0.932421875 0.28402777777777777 0.108984375 0.1798611111111111
3 0.736328125 0.24583333333333332 0.0578125 0.18819444444444444
3 0.046484375 0.24930555555555556 0.082421875 0.16041666666666668
3 0.53359375 0.31319444444444444 0.049609375 0.1326388888888889
3 0.80546875 0.2298611111111111 0.1109375 0.27569444444444446
3 0.18515625 0.22083333333333333 0.0515625 0.19375
3 0.06171875 0.42430555555555555 0.11875 0.24513888888888888
3 0.681640625 0.2048611111111111 0.076171875 0.17708333333333334
3 0.238671875 0.11944444444444445 0.046875 0.09791666666666667
3 0.340234375 0.17569444444444443 0.15 0.28888888888888886
3 0.402734375 0.2923611111111111 0.108984375 0.26458333333333334
3 0.607421875 0.27361111111111114 0.087109375 0.225
3 0.12421875 0.23333333333333334 0.0828125 0.18680555555555556
3 0.71328125 0.2375 0.299609375 0.2916666666666667
3 0.226953125 0.2423611111111111 0.089453125 0.20069444444444445
3 0.987890625 0.29791666666666666 0.023046875 0.1638888888888889
3 0.841015625 0.26319444444444445 0.044921875 0.2111111111111111
3 0.430078125 0.35555555555555557 0.056640625 0.14097222222222222
3 0.2828125 0.20902777777777778 0.067578125 0.16319444444444445
3 0.648046875 0.27291666666666664 0.085546875 0.21458333333333332
0 0.96015625 0.36180555555555555 0.025390625 0.016666666666666666