2 0.162890625 0.5631944444444444 0.14765625 0.6569444444444444
2 0.03671875 0.45694444444444443 0.06875 0.2777777777777778
2 0.95703125 0.4340277777777778 0.01875 0.043055555555555555
2 0.08046875 0.40208333333333335 0.0171875 0.10416666666666667
2 0.6609375 0.44027777777777777 0.025 0.06388888888888888
2 0.6296875 0.43125 0.021875 0.07083333333333333
3 0.68125 0.36527777777777776 0.0734375 0.125
3 0.548046875 0.41875 0.10859375 0.12361111111111112
3 0.383203125 0.43819444444444444 0.01640625 0.35694444444444445
3 0.833203125 0.4486111111111111 0.11640625 0.225
3 0.902734375 0.44166666666666665 0.06328125 0.14166666666666666
3 0.758203125 0.38680555555555557 0.08515625 0.1763888888888889
3 0.787109375 0.4131944444444444 0.28984375 0.2986111111111111