2 0.34375 0.6493055555555556 0.1453125 0.6958333333333333
2 0.212890625 0.6243055555555556 0.12578125 0.7486111111111111
2 0.50625 0.63125 0.0796875 0.4986111111111111
2 0.437109375 0.6319444444444444 0.09140625 0.5666666666666667
2 0.59921875 0.6493055555555556 0.1125 0.5736111111111111
2 0.643359375 0.6270833333333333 0.06640625 0.48194444444444445
2 0.023046875 0.6125 0.04609375 0.7722222222222223
2 0.754296875 0.5013888888888889 0.02578125 0.07777777777777778
2 0.713671875 0.5631944444444444 0.04140625 0.24583333333333332
2 0.808203125 0.5256944444444445 0.01953125 0.09027777777777778
2 0.684765625 0.5680555555555555 0.04765625 0.25833333333333336
2 0.894921875 0.5881944444444445 0.09140625 0.18472222222222223
3 0.09375 0.47708333333333336 0.15625 0.15138888888888888
3 0.239453125 0.2423611111111111 0.06171875 0.05416666666666667
3 0.183203125 0.2361111111111111 0.17578125 0.06944444444444445
3 0.651953125 0.45694444444444443 0.02421875 0.03888888888888889
3 0.271484375 0.4597222222222222 0.03515625 0.10833333333333334
3 0.1703125 0.25277777777777777 0.0265625 0.022222222222222223
3 0.123046875 0.23055555555555557 0.05546875 0.058333333333333334