2 0.19296875 0.5736111111111111 0.0859375 0.3194444444444444
2 0.455078125 0.6180555555555556 0.05078125 0.15
2 0.368359375 0.5951388888888889 0.04609375 0.18194444444444444
2 0.149609375 0.59375 0.04296875 0.20416666666666666
2 0.69453125 0.6118055555555556 0.0671875 0.21805555555555556
2 0.026171875 0.5368055555555555 0.02578125 0.07083333333333333
2 0.57890625 0.6194444444444445 0.0296875 0.20277777777777778
2 0.50234375 0.6263888888888889 0.034375 0.13333333333333333
3 0.922265625 0.49166666666666664 0.15390625 0.6472222222222223
3 0.688671875 0.3486111111111111 0.52265625 0.6972222222222222
3 0.54296875 0.6083333333333333 0.075 0.18611111111111112
3 0.20390625 0.8458333333333333 0.4078125 0.30277777777777776