2 0.0703125 0.6083333333333333 0.0875 0.375
2 0.901171875 0.5104166666666666 0.02578125 0.0875
2 0.11328125 0.5416666666666666 0.0265625 0.16111111111111112
2 0.01953125 0.5993055555555555 0.0390625 0.2375
2 0.9140625 0.49444444444444446 0.009375 0.044444444444444446
2 0.09296875 0.5645833333333333 0.0359375 0.24027777777777778
3 0.900390625 0.5902777777777778 0.19609375 0.5472222222222223
3 0.846484375 0.4638888888888889 0.08671875 0.28888888888888886
3 0.223828125 0.4875 0.06015625 0.35555555555555557
3 0.225 0.3798611111111111 0.0578125 0.14027777777777778
3 0.955078125 0.43680555555555556 0.08515625 0.12361111111111112