2 0.230859375 0.8506944444444444 0.00546875 0.020833333333333332
2 0.402734375 0.7902777777777777 0.00546875 0.022222222222222223
3 0.31328125 0.9277777777777778 0.05625 0.11944444444444445
3 0.49140625 0.8902777777777777 0.0453125 0.20555555555555555
3 0.53046875 0.8555555555555555 0.04375 0.20833333333333334
3 0.90703125 0.5618055555555556 0.0234375 0.08194444444444444
3 0.925 0.5701388888888889 0.025 0.08194444444444444
3 0.81484375 0.5208333333333334 0.0265625 0.08333333333333333
3 0.57578125 0.8583333333333333 0.065625 0.2111111111111111
3 0.95859375 0.8194444444444444 0.078125 0.17222222222222222
3 0.96796875 0.59375 0.0265625 0.0875
3 0.744140625 0.7833333333333333 0.04453125 0.12222222222222222
3 0.505078125 0.5604166666666667 0.02265625 0.10416666666666667
3 0.413671875 0.8791666666666667 0.13515625 0.2361111111111111
3 0.615625 0.8527777777777777 0.034375 0.13055555555555556
3 0.852734375 0.5173611111111112 0.03046875 0.06527777777777778
3 0.778125 0.5034722222222222 0.0203125 0.05694444444444444
3 0.744140625 0.5145833333333333 0.02578125 0.06527777777777778
3 0.949609375 0.5861111111111111 0.02421875 0.08611111111111111
3 0.42578125 0.7986111111111112 0.028125 0.07777777777777778
3 0.878515625 0.5555555555555556 0.02421875 0.07222222222222222
3 0.45078125 0.9208333333333333 0.0484375 0.1527777777777778
3 0.334375 0.8229166666666666 0.01875 0.05138888888888889
3 0.392578125 0.925 0.09296875 0.14444444444444443
3 0.764453125 0.5048611111111111 0.02109375 0.04583333333333333
3 0.457421875 0.8701388888888889 0.34453125 0.2513888888888889
3 0.990625 0.6090277777777777 0.0171875 0.08194444444444444
3 0.859765625 0.8 0.27109375 0.2722222222222222
0 0.96875 0.5923611111111111 0.03125 0.020833333333333332
0 0.9359375 0.5805555555555556 0.02109375 0.021527777777777778
0 0.88984375 0.5631944444444444 0.027734375 0.02361111111111111
2 0.534765625 0.7131944444444445 0.00625 0.013888888888888888
2 0.528515625 0.7180555555555556 0.007421875 0.013888888888888888
2 0.523828125 0.7194444444444444 0.006640625 0.013194444444444444
2 0.51484375 0.6645833333333333 0.00625 0.010416666666666666
2 0.555859375 0.7027777777777777 0.00390625 0.016666666666666666
2 0.55390625 0.6840277777777778 0.006640625 0.017361111111111112
2 0.5328125 0.6430555555555556 0.00859375 0.020833333333333332
2 0.524609375 0.6555555555555556 0.0109375 0.013194444444444444
2 0.52109375 0.6340277777777777 0.006640625 0.018055555555555554
2 0.4921875 0.6326388888888889 0.007421875 0.011111111111111112
2 0.49765625 0.6159722222222223 0.009375 0.011111111111111112