3 0.919921875 0.5979166666666667 0.15859375 0.7097222222222223
3 0.82265625 0.5125 0.1375 0.5277777777777778
3 0.633984375 0.5833333333333334 0.11640625 0.41944444444444445
2 0.12890625 0.85 0.15625 0.2972222222222222
2 0.05625 0.8541666666666666 0.1125 0.28888888888888886
2 0.72265625 0.8819444444444444 0.140625 0.23333333333333334
2 0.4609375 0.8159722222222222 0.053125 0.24861111111111112
1 0.683203125 0.7451388888888889 0.01796875 0.0763888888888889
1 0.805078125 0.8819444444444444 0.38671875 0.23055555555555557
1 0.26171875 0.8222222222222222 0.1125 0.075
3 0.073046875 0.45625 0.11484375 0.30416666666666664
3 0.82265625 0.33055555555555555 0.1375 0.16666666666666666
3 0.554296875 0.7513888888888889 0.04453125 0.10277777777777777
3 0.028515625 0.24722222222222223 0.05703125 0.49444444444444446
3 0.32265625 0.7534722222222222 0.084375 0.11805555555555555
3 0.34140625 0.6201388888888889 0.128125 0.09861111111111111
3 0.371484375 0.6208333333333333 0.06328125 0.09722222222222222
3 0.024609375 0.41458333333333336 0.04921875 0.15138888888888888