3 0.318359375 0.6520833333333333 0.63359375 0.6902777777777778
2 0.43828125 0.59375 0.065625 0.22083333333333333
2 0.772265625 0.6493055555555556 0.06640625 0.3125
2 0.917578125 0.60625 0.03203125 0.1597222222222222
2 0.730078125 0.6486111111111111 0.06015625 0.2777777777777778
3 0.79296875 0.44375 0.18125 0.21805555555555556
3 0.546875 0.42569444444444443 0.16875 0.3402777777777778
3 0.628125 0.4395833333333333 0.065625 0.2125
3 0.8359375 0.12986111111111112 0.0671875 0.15138888888888888
3 0.837109375 0.30069444444444443 0.07109375 0.4930555555555556
3 0.36484375 0.45555555555555555 0.053125 0.25555555555555554
3 0.748828125 0.47708333333333336 0.08984375 0.11805555555555555