2 0.39609375 0.6930555555555555 0.0390625 0.11388888888888889
2 0.09921875 0.6305555555555555 0.0140625 0.04722222222222222
2 0.455859375 0.5895833333333333 0.01171875 0.04027777777777778
2 0.205859375 0.6138888888888889 0.01015625 0.041666666666666664
1 0.453125 0.7520833333333333 0.9015625 0.4875
3 0.944140625 0.3451388888888889 0.08984375 0.19583333333333333
3 0.37421875 0.45625 0.06875 0.2875
3 0.749609375 0.4152777777777778 0.08046875 0.325
3 0.26875 0.4666666666666667 0.078125 0.28055555555555556
3 0.0625 0.4479166666666667 0.121875 0.37083333333333335
3 0.181640625 0.46111111111111114 0.09296875 0.33055555555555555
3 0.803515625 0.40208333333333335 0.06796875 0.2263888888888889
3 0.672265625 0.3548611111111111 0.09140625 0.2986111111111111
3 0.45703125 0.4576388888888889 0.065625 0.2763888888888889
3 0.516015625 0.6145833333333334 0.09921875 0.24861111111111112
3 0.425 0.4340277777777778 0.0546875 0.2569444444444444
3 0.233203125 0.4951388888888889 0.07265625 0.24861111111111112
3 0.40703125 0.49930555555555556 0.05 0.1486111111111111
3 0.209765625 0.7631944444444444 0.06015625 0.24305555555555555
3 0.8703125 0.3486111111111111 0.084375 0.18055555555555555
3 0.515234375 0.4111111111111111 0.06015625 0.18888888888888888
3 0.130078125 0.51875 0.12109375 0.24027777777777778
3 0.430859375 0.6194444444444445 0.05078125 0.13333333333333333
3 0.29375 0.7736111111111111 0.08125 0.15
3 0.481640625 0.4444444444444444 0.05390625 0.1111111111111111
3 0.309765625 0.5513888888888889 0.05390625 0.11944444444444445
3 0.854296875 0.40625 0.08203125 0.10416666666666667
3 0.2859375 0.4895833333333333 0.0359375 0.0625
3 0.69921875 0.4388888888888889 0.05 0.22777777777777777
3 0.909375 0.4284722222222222 0.040625 0.059722222222222225
3 0.5640625 0.4048611111111111 0.0671875 0.3013888888888889
3 0.984765625 0.4097222222222222 0.02734375 0.06666666666666667
3 0.101171875 0.8729166666666667 0.10390625 0.1597222222222222
3 0.3625 0.5263888888888889 0.0421875 0.08333333333333333
3 0.725390625 0.4736111111111111 0.03828125 0.125
3 0.6984375 0.3736111111111111 0.046875 0.09722222222222222
3 0.02265625 0.925 0.0453125 0.12222222222222222
3 0.612890625 0.4125 0.08359375 0.3
3 0.665625 0.5833333333333334 0.084375 0.1388888888888889
3 0.596875 0.46875 0.1375 0.42083333333333334
3 0.563671875 0.33125 0.06484375 0.15416666666666667