2 0.71328125 0.9763888888888889 0.0078125 0.03611111111111111
2 0.7265625 0.9736111111111111 0.0109375 0.04722222222222222
1 0.467578125 0.9423611111111111 0.191015625 0.11458333333333333
3 0.491015625 0.6458333333333334 0.06171875 0.24166666666666667
3 0.444921875 0.6451388888888889 0.04921875 0.20694444444444443
3 0.71328125 0.5416666666666666 0.078125 0.125
3 0.162109375 0.5895833333333333 0.06171875 0.2125
3 0.2125 0.5861111111111111 0.0609375 0.18055555555555555
3 0.129296875 0.6256944444444444 0.06171875 0.1736111111111111
3 0.803515625 0.8638888888888889 0.07578125 0.26666666666666666
3 0.80703125 0.7729166666666667 0.0625 0.08194444444444444
3 0.302734375 0.9 0.04296875 0.10277777777777777
3 0.04765625 0.6736111111111112 0.0703125 0.23333333333333334
3 0.323046875 0.5875 0.04765625 0.18333333333333332
3 0.354296875 0.6055555555555555 0.05078125 0.16111111111111112
3 0.463671875 0.45069444444444445 0.06171875 0.0625
3 0.665625 0.4888888888888889 0.0625 0.1111111111111111
3 0.559375 0.5263888888888889 0.04375 0.08055555555555556
3 0.291015625 0.5604166666666667 0.04765625 0.1597222222222222
3 0.28671875 0.36041666666666666 0.028125 0.04583333333333333
3 0.6 0.47152777777777777 0.059375 0.09305555555555556
3 0.2640625 0.55625 0.053125 0.17083333333333334
3 0.973046875 0.8361111111111111 0.05234375 0.32222222222222224
0 0.069921875 0.6527777777777778 0.08828125 0.09444444444444444
0 0.08515625 0.6361111111111111 0.05625 0.06111111111111111