3 0.35546875 0.47708333333333336 0.4953125 0.9041666666666667
2 0.6515625 0.9180555555555555 0.1125 0.16111111111111112
2 0.208203125 0.8479166666666667 0.01328125 0.06527777777777778
2 0.425 0.8875 0.0328125 0.17777777777777778
2 0.02265625 0.9 0.0453125 0.19722222222222222
2 0.40625 0.8840277777777777 0.025 0.15694444444444444
2 0.24921875 0.90625 0.046875 0.1486111111111111
2 0.308984375 0.8986111111111111 0.09296875 0.2
2 0.195703125 0.9506944444444444 0.17734375 0.09583333333333334
3 0.818359375 0.7347222222222223 0.28203125 0.3388888888888889
3 0.31796875 0.7277777777777777 0.0875 0.15833333333333333
3 0.404296875 0.7569444444444444 0.05703125 0.1
3 0.81328125 0.9430555555555555 0.221875 0.10833333333333334