2 0.669921875 0.42986111111111114 0.03828125 0.1875
2 0.5359375 0.4395833333333333 0.0546875 0.23472222222222222
2 0.769921875 0.38680555555555557 0.01796875 0.0763888888888889
2 0.571875 0.42777777777777776 0.0390625 0.18055555555555555
2 0.80234375 0.3819444444444444 0.0171875 0.08611111111111111
2 0.91015625 0.3770833333333333 0.0125 0.05138888888888889
1 0.86875 0.4076388888888889 0.2515625 0.18194444444444444
1 0.86484375 0.46111111111111114 0.2546875 0.07222222222222222
1 0.26875 0.47638888888888886 0.194140625 0.175
3 0.528515625 0.16597222222222222 0.07265625 0.1736111111111111
3 0.765625 0.19930555555555557 0.0765625 0.09583333333333334
3 0.458203125 0.24375 0.05703125 0.14027777777777778
3 0.616015625 0.4354166666666667 0.09765625 0.2263888888888889
3 0.262890625 0.16041666666666668 0.08203125 0.14305555555555555
3 0.6703125 0.2701388888888889 0.0375 0.04583333333333333
3 0.6359375 0.26875 0.0390625 0.05138888888888889
3 0.716796875 0.3541666666666667 0.06484375 0.09722222222222222
3 0.413671875 0.2388888888888889 0.04921875 0.1361111111111111
3 0.326953125 0.27569444444444446 0.06328125 0.2569444444444444
3 0.965234375 0.2465277777777778 0.06796875 0.24305555555555555
3 0.12265625 0.3763888888888889 0.1171875 0.7527777777777778
3 0.401953125 0.28194444444444444 0.05546875 0.08333333333333333
3 0.246484375 0.32916666666666666 0.12265625 0.2388888888888889
3 0.36875 0.26666666666666666 0.046875 0.17222222222222222
3 0.38515625 0.3194444444444444 0.0265625 0.09722222222222222
3 0.03828125 0.23541666666666666 0.0765625 0.4652777777777778
3 0.753515625 0.3625 0.01796875 0.07777777777777778
3 0.56328125 0.3215277777777778 0.0453125 0.09861111111111111
3 0.86953125 0.8548611111111111 0.1734375 0.2847222222222222
3 0.18828125 0.15347222222222223 0.0390625 0.09027777777777778
3 0.81640625 0.26180555555555557 0.0421875 0.09583333333333334
3 0.1875 0.2326388888888889 0.040625 0.2513888888888889
3 0.44140625 0.29444444444444445 0.0296875 0.03611111111111111
3 0.2625 0.23125 0.0828125 0.2847222222222222
3 0.819921875 0.2298611111111111 0.03515625 0.02638888888888889
3 0.924609375 0.27708333333333335 0.02578125 0.043055555555555555
3 0.19765625 0.2951388888888889 0.034375 0.08472222222222223
3 0.28359375 0.22847222222222222 0.03125 0.0763888888888889
3 0.440625 0.33541666666666664 0.03125 0.11527777777777778
3 0.3140625 0.28125 0.0421875 0.1736111111111111
3 0.038671875 0.4979166666666667 0.07734375 0.9902777777777778