2 0.336328125 0.7979166666666667 0.096484375 0.40069444444444446
2 0.491015625 0.5145833333333333 0.031640625 0.17152777777777778
2 0.449609375 0.40625 0.012890625 0.06388888888888888
2 0.645703125 0.38680555555555557 0.010546875 0.05555555555555555
2 0.662109375 0.3729166666666667 0.006640625 0.035416666666666666
3 0.675 0.5243055555555556 0.055078125 0.14652777777777778
3 0.616796875 0.45625 0.0375 0.125
3 0.96328125 0.2777777777777778 0.071484375 0.18333333333333332
3 0.116796875 0.22569444444444445 0.081640625 0.17847222222222223
3 0.101953125 0.5381944444444444 0.20390625 0.4152777777777778
3 0.036328125 0.2423611111111111 0.071484375 0.15347222222222223
3 0.746875 0.21458333333333332 0.057421875 0.13402777777777777
3 0.53671875 0.31875 0.0390625 0.15069444444444444
3 0.816796875 0.22916666666666666 0.114453125 0.2951388888888889
3 0.279296875 0.22430555555555556 0.06875 0.20833333333333334
3 0.3375 0.1701388888888889 0.154296875 0.2951388888888889
3 0.914453125 0.29444444444444445 0.054296875 0.15
3 0.688671875 0.24027777777777778 0.0796875 0.26180555555555557
3 0.175 0.21458333333333332 0.044921875 0.19375
3 0.392578125 0.2881944444444444 0.121484375 0.2923611111111111
3 0.851171875 0.25555555555555554 0.048828125 0.20555555555555555
3 0.03125 0.42916666666666664 0.0625 0.25277777777777777
3 0.649609375 0.2465277777777778 0.160546875 0.2743055555555556
3 0.342578125 0.3909722222222222 0.0578125 0.15763888888888888
3 0.583203125 0.4375 0.0265625 0.07291666666666667
3 0.23203125 0.12222222222222222 0.0484375 0.12013888888888889
3 0.692578125 0.15625 0.0609375 0.09375
3 0.613671875 0.2708333333333333 0.0890625 0.2326388888888889
3 0.722265625 0.23125 0.306640625 0.3
3 0.27421875 0.4576388888888889 0.130859375 0.21666666666666667
0 0.710546875 0.3590277777777778 0.01875 0.01875
0 0.97421875 0.36319444444444443 0.0203125 0.016666666666666666
3 0.845703125 0.6194444444444445 0.108203125 0.42986111111111114
2 0.555859375 0.4756944444444444 0.025 0.125
2 0.536328125 0.47638888888888886 0.02578125 0.12291666666666666
2 0.51328125 0.4666666666666667 0.026171875 0.11180555555555556
2 0.771484375 0.39861111111111114 0.02421875 0.08194444444444444
2 0.49921875 0.3923611111111111 0.009375 0.0375