2 0.858984375 0.5909722222222222 0.01640625 0.043055555555555555
2 0.458203125 0.6354166666666666 0.02265625 0.08194444444444444
2 0.748828125 0.5965277777777778 0.01328125 0.04583333333333333
2 0.789453125 0.5840277777777778 0.01484375 0.04861111111111111
2 0.629296875 0.5965277777777778 0.01171875 0.03194444444444444
1 0.76328125 0.6715277777777777 0.1 0.07083333333333333
1 0.896875 0.7326388888888888 0.203125 0.10416666666666667
1 0.918359375 0.7069444444444445 0.16015625 0.04722222222222222
1 0.734765625 0.6680555555555555 0.04296875 0.06111111111111111
3 0.4546875 0.33541666666666664 0.1875 0.6708333333333333
3 0.3234375 0.36666666666666664 0.13125 0.6388888888888888
3 0.0234375 0.6291666666666667 0.046875 0.21666666666666667
3 0.079296875 0.6354166666666666 0.05234375 0.15138888888888888
3 0.251953125 0.4986111111111111 0.28984375 0.9972222222222222
3 0.56640625 0.45416666666666666 0.115625 0.10277777777777777
3 0.958203125 0.5784722222222223 0.05546875 0.0763888888888889
3 0.530859375 0.4597222222222222 0.04296875 0.09166666666666666