3 0.65625 0.7256944444444444 0.159375 0.5125
2 0.048046875 0.9388888888888889 0.01484375 0.07222222222222222
3 0.084375 0.5416666666666666 0.16875 0.7305555555555555
3 0.18984375 0.6041666666666666 0.215625 0.6222222222222222
3 0.737890625 0.6819444444444445 0.12890625 0.5972222222222222
3 0.849609375 0.6993055555555555 0.13828125 0.5791666666666667
3 0.971484375 0.6229166666666667 0.05546875 0.4708333333333333
3 0.79921875 0.9493055555555555 0.0265625 0.08472222222222223
3 0.719921875 0.94375 0.03046875 0.07916666666666666
3 0.757421875 0.9444444444444444 0.02890625 0.075
3 0.566796875 0.5847222222222223 0.07421875 0.3055555555555556
3 0.37421875 0.4548611111111111 0.2078125 0.5291666666666667
3 0.91875 0.95 0.028125 0.07222222222222222
3 0.958203125 0.9451388888888889 0.03515625 0.07083333333333333
3 0.925 0.73125 0.115625 0.5013888888888889
3 0.225390625 0.9381944444444444 0.04140625 0.08194444444444444
3 0.761328125 0.8104166666666667 0.14453125 0.3236111111111111
3 0.2890625 0.5256944444444445 0.115625 0.4708333333333333
3 0.4671875 0.9493055555555555 0.1171875 0.09583333333333334
3 0.86328125 0.9645833333333333 0.0375 0.059722222222222225
3 0.876953125 0.95 0.03515625 0.07777777777777778
3 0.99375 0.9375 0.0109375 0.04722222222222222