2 0.490234375 0.5993055555555555 0.021484375 0.09652777777777778
2 0.558203125 0.5715277777777777 0.016796875 0.08680555555555555
2 0.59609375 0.6604166666666667 0.0265625 0.12708333333333333
2 0.584765625 0.6284722222222222 0.0171875 0.09375
1 0.201953125 0.22013888888888888 0.0390625 0.03888888888888889
3 0.662890625 0.6006944444444444 0.212890625 0.22777777777777777
3 0.35625 0.19236111111111112 0.080078125 0.09236111111111112
3 0.28671875 0.21736111111111112 0.050390625 0.04375
3 0.7609375 0.20277777777777778 0.066796875 0.06666666666666667
3 0.943359375 0.9159722222222222 0.1109375 0.1638888888888889
3 0.36953125 0.5833333333333334 0.2078125 0.21458333333333332
3 0.978515625 0.7201388888888889 0.041015625 0.1326388888888889
3 0.761328125 0.4027777777777778 0.068359375 0.46875