0 0.76796875 0.5868055555555556 0.037109375 0.06180555555555556
1 0.365234375 0.5034722222222222 0.0609375 0.08333333333333333
1 0.033203125 0.30625 0.06640625 0.059722222222222225
3 0.247265625 0.4048611111111111 0.037890625 0.11736111111111111
3 0.5796875 0.6604166666666667 0.048828125 0.10833333333333334
3 0.383984375 0.8354166666666667 0.044921875 0.14097222222222222
3 0.2234375 0.4395833333333333 0.038671875 0.11180555555555556
3 0.152734375 0.49930555555555556 0.033984375 0.09236111111111112
3 0.865625 0.7618055555555555 0.073046875 0.12152777777777778
3 0.775390625 0.28680555555555554 0.034765625 0.09236111111111112
3 0.463671875 0.06458333333333334 0.025390625 0.05347222222222222
3 0.076953125 0.25763888888888886 0.055078125 0.08125
3 0.487890625 0.06319444444444444 0.038671875 0.1076388888888889
3 0.736328125 0.41805555555555557 0.041796875 0.11597222222222223
3 0.668359375 0.5006944444444444 0.040625 0.08055555555555556
3 0.11953125 0.6923611111111111 0.053515625 0.13055555555555556
3 0.921875 0.4340277777777778 0.016796875 0.035416666666666666
3 0.441796875 0.27569444444444446 0.033203125 0.12708333333333333
3 0.253515625 0.7555555555555555 0.040625 0.11666666666666667
3 0.282421875 0.7555555555555555 0.046484375 0.1
3 0.238671875 0.9756944444444444 0.054296875 0.04652777777777778
3 0.966015625 0.55625 0.066015625 0.16458333333333333
3 0.402734375 0.3229166666666667 0.030078125 0.10486111111111111
3 0.156640625 0.2569444444444444 0.043359375 0.09513888888888888
3 0.025390625 0.36527777777777776 0.044140625 0.08055555555555556
3 0.378515625 0.6201388888888889 0.029296875 0.09652777777777778
3 0.330859375 0.5506944444444445 0.027734375 0.10833333333333334
3 0.352734375 0.6145833333333334 0.029296875 0.09166666666666666
3 0.570703125 0.7590277777777777 0.034765625 0.08402777777777778
3 0.594921875 0.76875 0.032421875 0.09513888888888888
3 0.428515625 0.8472222222222222 0.040625 0.10555555555555556
3 0.7390625 0.2659722222222222 0.035546875 0.08680555555555555
3 0.5328125 0.1951388888888889 0.026171875 0.09722222222222222
3 0.707421875 0.45208333333333334 0.0359375 0.08263888888888889
3 0.131640625 0.22013888888888888 0.048046875 0.11597222222222223
3 0.662890625 0.23125 0.034765625 0.13680555555555557
3 0.125390625 0.4986111111111111 0.037890625 0.06597222222222222
3 0.3328125 0.7618055555555555 0.048046875 0.09375
3 0.811328125 0.4201388888888889 0.037890625 0.09444444444444444
3 0.351171875 0.8416666666666667 0.04375 0.15763888888888888
3 0.578125 0.1736111111111111 0.016796875 0.09722222222222222
3 0.744140625 0.9090277777777778 0.170703125 0.17777777777777778
3 0.503125 0.5006944444444444 0.028125 0.04375
3 0.404296875 0.6541666666666667 0.0375 0.10486111111111111
3 0.848828125 0.025694444444444443 0.055859375 0.050694444444444445
3 0.2203125 0.7430555555555556 0.044921875 0.1326388888888889
3 0.082421875 0.6256944444444444 0.0578125 0.13402777777777777
3 0.515234375 0.20972222222222223 0.025390625 0.11388888888888889
3 0.45234375 0.7479166666666667 0.0265625 0.06597222222222222
3 0.099609375 0.5368055555555555 0.0375 0.11458333333333333
3 0.719140625 0.5347222222222222 0.0390625 0.08611111111111111
3 0.409765625 0.46875 0.022265625 0.03680555555555556
3 0.439453125 0.3770833333333333 0.023046875 0.08125
3 0.2515625 0.33055555555555555 0.021875 0.03680555555555556
3 0.52421875 0.9020833333333333 0.037109375 0.1638888888888889
3 0.984765625 0.33958333333333335 0.029296875 0.06180555555555556
3 0.250390625 0.22291666666666668 0.0328125 0.04791666666666667
3 0.9125 0.6965277777777777 0.055078125 0.09444444444444444
3 0.533203125 0.6104166666666667 0.031640625 0.050694444444444445
3 0.500390625 0.8659722222222223 0.044140625 0.15833333333333333
3 0.019140625 0.8340277777777778 0.037890625 0.1111111111111111
3 0.499609375 0.6138888888888889 0.028515625 0.06666666666666667
3 0.711328125 0.2263888888888889 0.0203125 0.05486111111111111
3 0.563671875 0.5006944444444444 0.019921875 0.08611111111111111
3 0.569921875 0.5722222222222222 0.028125 0.04652777777777778
3 0.082421875 0.33958333333333335 0.025 0.059027777777777776
3 0.375 0.44027777777777777 0.021875 0.05486111111111111
3 0.589453125 0.5298611111111111 0.0171875 0.07013888888888889
3 0.4015625 0.7354166666666667 0.029296875 0.06736111111111111
3 0.783984375 0.37569444444444444 0.029296875 0.09097222222222222
3 0.47890625 0.7743055555555556 0.049609375 0.08055555555555556
3 0.39296875 0.45625 0.021484375 0.05486111111111111
3 0.419140625 0.42569444444444443 0.025 0.052083333333333336
3 0.119921875 0.3159722222222222 0.022265625 0.04652777777777778
3 0.306640625 0.4479166666666667 0.0171875 0.04097222222222222
3 0.761328125 0.3861111111111111 0.033984375 0.09791666666666667
3 0.933203125 0.6715277777777777 0.037109375 0.09791666666666667
3 0.97890625 0.5034722222222222 0.0328125 0.058333333333333334
3 0.411328125 0.6423611111111112 0.146875 0.14652777777777778
3 0.564453125 0.17847222222222223 0.020703125 0.09930555555555555
3 0.471875 0.59375 0.026171875 0.06875
3 0.479296875 0.2388888888888889 0.030859375 0.12777777777777777
3 0.329296875 0.4576388888888889 0.027734375 0.04513888888888889
3 0.176953125 0.71875 0.044921875 0.09722222222222222
3 0.437890625 0.4486111111111111 0.021875 0.05277777777777778
0 0.8484375 0.6666666666666666 0.021875 0.035416666666666666
0 0.713671875 0.7888888888888889 0.0234375 0.03888888888888889
0 0.861328125 0.7180555555555556 0.023046875 0.03611111111111111
0 0.867578125 0.5381944444444444 0.021484375 0.03888888888888889
0 0.941015625 0.5055555555555555 0.0203125 0.027777777777777776
0 0.54765625 0.13958333333333334 0.0140625 0.013888888888888888
0 0.43125 0.027083333333333334 0.0125 0.013888888888888888
0 0.901171875 0.4 0.012890625 0.035416666666666666
0 0.698046875 0.20347222222222222 0.0125 0.014583333333333334
0 0.553515625 0.22777777777777777 0.014453125 0.016666666666666666
0 0.567578125 0.11180555555555556 0.012890625 0.022222222222222223
0 0.950390625 0.5861111111111111 0.015625 0.03125
0 0.843359375 0.7520833333333333 0.016796875 0.03680555555555556
0 0.655078125 0.9784722222222222 0.027734375 0.041666666666666664
0 0.96015625 0.27152777777777776 0.019140625 0.025
0 0.41015625 0.02013888888888889 0.012890625 0.013888888888888888
0 0.965234375 0.2652777777777778 0.029296875 0.03819444444444445
1 0.515625 0.4756944444444444 0.08125 0.10069444444444445