2 0.47890625 0.7534722222222222 0.0484375 0.20972222222222223
2 0.2921875 0.7090277777777778 0.0390625 0.1486111111111111
2 0.101953125 0.6972222222222222 0.02265625 0.12222222222222222
2 0.219140625 0.6909722222222222 0.01953125 0.10138888888888889
2 0.170703125 0.70625 0.02734375 0.13194444444444445
2 0.1921875 0.7048611111111112 0.025 0.12638888888888888
2 0.265234375 0.6847222222222222 0.01796875 0.08888888888888889
3 0.59765625 0.6916666666666667 0.0453125 0.06388888888888888
3 0.046484375 0.7166666666666667 0.09140625 0.08611111111111111
3 0.060546875 0.13819444444444445 0.12109375 0.2763888888888889
3 0.724609375 0.3576388888888889 0.12578125 0.7152777777777778
3 0.47265625 0.5930555555555556 0.0625 0.05277777777777778
3 0.650390625 0.6625 0.07578125 0.1
3 0.47265625 0.6430555555555556 0.0625 0.1527777777777778
3 0.72578125 0.6534722222222222 0.0578125 0.11527777777777778