3 0.113671875 0.5194444444444445 0.09609375 0.2833333333333333
3 0.79921875 0.4986111111111111 0.3984375 0.9944444444444445
3 0.278125 0.4618055555555556 0.2890625 0.7736111111111111
3 0.5796875 0.25625 0.15 0.2569444444444444
3 0.50390625 0.4375 0.09375 0.40555555555555556
3 0.034375 0.45416666666666666 0.06875 0.1638888888888889
3 0.161328125 0.5736111111111111 0.09609375 0.18888888888888888
3 0.4578125 0.4847222222222222 0.0703125 0.30833333333333335
3 0.578125 0.40625 0.1515625 0.5569444444444445
3 0.594921875 0.26180555555555557 0.07578125 0.2375
3 0.50859375 0.5458333333333333 0.071875 0.19166666666666668