2 0.6671875 0.7090277777777778 0.0859375 0.30416666666666664
2 0.120703125 0.6430555555555556 0.04609375 0.175
2 0.38203125 0.6354166666666666 0.0265625 0.15416666666666667
2 0.183984375 0.6583333333333333 0.03984375 0.1638888888888889
2 0.33046875 0.6201388888888889 0.0265625 0.12083333333333333
2 0.15859375 0.6180555555555556 0.025 0.11666666666666667
2 0.35625 0.6159722222222223 0.028125 0.12638888888888888
2 0.948828125 0.6326388888888889 0.03359375 0.14583333333333334
2 0.2171875 0.6236111111111111 0.0203125 0.11666666666666667
2 0.3140625 0.6034722222222222 0.0140625 0.07916666666666666
2 0.40234375 0.6034722222222222 0.015625 0.0763888888888889
2 0.234765625 0.6298611111111111 0.02578125 0.11805555555555555
3 0.6375 0.6298611111111111 0.03125 0.0625
2 0.899609375 0.6361111111111111 0.04140625 0.1361111111111111
3 0.087109375 0.16597222222222222 0.17421875 0.33194444444444443
3 0.81796875 0.3298611111111111 0.0375 0.6597222222222222
3 0.772265625 0.5958333333333333 0.05703125 0.11666666666666667
3 0.701953125 0.6048611111111111 0.06796875 0.10138888888888889
3 0.291015625 0.5361111111111111 0.03203125 0.1111111111111111
3 0.513671875 0.53125 0.06171875 0.05694444444444444
3 0.403125 0.5604166666666667 0.1109375 0.14583333333333334
3 0.4375 0.5180555555555556 0.0421875 0.06388888888888888
3 0.513671875 0.5770833333333333 0.06171875 0.1486111111111111