2 0.289453125 0.4875 0.02265625 0.04722222222222222
1 0.284375 0.50625 0.49453125 0.4638888888888889
3 0.817578125 0.23125 0.16484375 0.4625
3 0.5109375 0.30277777777777776 0.071875 0.3
3 0.452734375 0.29305555555555557 0.06328125 0.3111111111111111
3 0.3328125 0.31666666666666665 0.0765625 0.2777777777777778
3 0.39609375 0.3173611111111111 0.0828125 0.24027777777777778
3 0.2578125 0.2708333333333333 0.1296875 0.41944444444444445
3 0.01796875 0.21597222222222223 0.0359375 0.22361111111111112
3 0.56640625 0.2902777777777778 0.071875 0.2111111111111111
3 0.071875 0.22569444444444445 0.090625 0.2263888888888889
3 0.184375 0.2611111111111111 0.0734375 0.31666666666666665
3 0.696484375 0.2611111111111111 0.11328125 0.3972222222222222
3 0.6109375 0.26180555555555557 0.0734375 0.3347222222222222
3 0.946484375 0.5513888888888889 0.10546875 0.4027777777777778
3 0.656640625 0.26666666666666666 0.05078125 0.3611111111111111
3 0.695703125 0.39305555555555555 0.03828125 0.1361111111111111
3 0.153515625 0.35208333333333336 0.07578125 0.3625
3 0.090234375 0.5548611111111111 0.18046875 0.8791666666666667
3 0.4421875 0.2916666666666667 0.0484375 0.17777777777777778
3 0.26640625 0.30694444444444446 0.0765625 0.3416666666666667