2 0.5609375 0.8472222222222222 0.20625 0.30277777777777776
2 0.762890625 0.7173611111111111 0.01796875 0.043055555555555555
2 0.859375 0.7069444444444445 0.0203125 0.1111111111111111
2 0.801171875 0.7013888888888888 0.01171875 0.041666666666666664
2 0.89609375 0.7027777777777777 0.03125 0.07222222222222222
2 0.4140625 0.7847222222222222 0.0140625 0.07222222222222222
2 0.4265625 0.7847222222222222 0.0140625 0.07222222222222222
2 0.989453125 0.6791666666666667 0.01953125 0.06944444444444445
3 0.151171875 0.5826388888888889 0.12734375 0.40694444444444444
3 0.0421875 0.49236111111111114 0.084375 0.19027777777777777
3 0.234375 0.5909722222222222 0.10625 0.4097222222222222
3 0.40390625 0.5541666666666667 0.0828125 0.33611111111111114
3 0.508984375 0.55625 0.05703125 0.2986111111111111
3 0.5671875 0.5611111111111111 0.0921875 0.28055555555555556
3 0.320703125 0.5784722222222223 0.09921875 0.4152777777777778
3 0.68671875 0.55625 0.0609375 0.21805555555555556
3 0.4625 0.5576388888888889 0.075 0.32083333333333336
3 0.775390625 0.5451388888888888 0.08515625 0.2847222222222222
3 0.963671875 0.4625 0.07109375 0.225
3 0.843359375 0.525 0.07890625 0.23055555555555557
3 0.74296875 0.6 0.075 0.275
3 0.92109375 0.5263888888888889 0.096875 0.29444444444444445
3 0.6296875 0.5041666666666667 0.1125 0.3138888888888889
3 0.656640625 0.5291666666666667 0.06171875 0.24722222222222223
3 0.710546875 0.9347222222222222 0.05078125 0.125
3 0.876953125 0.5486111111111112 0.05234375 0.2361111111111111
3 0.24765625 0.6770833333333334 0.0640625 0.22361111111111112
3 0.370703125 0.6256944444444444 0.08984375 0.2902777777777778
3 0.734765625 0.5354166666666667 0.05546875 0.1486111111111111