2 0.846875 0.8201388888888889 0.165625 0.35694444444444445
2 0.5640625 0.7881944444444444 0.009375 0.0875
3 0.83046875 0.22083333333333333 0.3359375 0.44166666666666665
3 0.7265625 0.6465277777777778 0.1125 0.2152777777777778
3 0.946875 0.8013888888888889 0.1046875 0.23055555555555557
3 0.94609375 0.5381944444444444 0.10625 0.3736111111111111
3 0.45234375 0.05277777777777778 0.2609375 0.10555555555555556
3 0.848046875 0.6645833333333333 0.09609375 0.1986111111111111
3 0.193359375 0.7368055555555556 0.21953125 0.5180555555555556
3 0.825390625 0.6861111111111111 0.05078125 0.125
3 0.91328125 0.6256944444444444 0.0609375 0.12638888888888888